jmax,kmax  64  64 sfix   4.6 dUidxj   5.0    .0    .0    .0  -5.0    .0    .0    .0    .0 rot    .0    .0    .0
 88
 t beta kdk0 s
 con1 con2 con3  DkDt dkdt dkdtP
  uu vv ww   uv  uw vw 
  duu dvv dww   duv  duw dvw 
  b11 b22 b33  b12 b13 b23
  dispuu dispvv dispww dispuv dispuw dispvw 
  cs1111 cs1122 cs1133 cs1112 cs1113 cs1123  cw1112 cw1113 cw1123
  cs2211 cs2222 cs2233 cs2212 cs2213 cs2223  cw2212 cw2213 cw2223
  cs3311 cs3322 cs3333 cs3312 cs3313 cs3323  cw3312 cw3313 cw3323
  cs1211 cs1222 cs1233 cs1212 cs1213 cs1223  cw1212 cw1213 cw1223
  cs1311 cs1322 cs1333 cs1312 cs1313 cs1323  cw1312 cw1313 cw1323
  cs2311 cs2322 cs2333 cs2312 cs2313 cs2323  cw2312 cw2313 cw2323

  .00000E+00  .00000E+00  1.0000      4.6200    
  .11426E-13 -.79844E-05  .00000E+00  .00000E+00  .00000E+00  .00000E+00
  5461.2      5461.2      5461.5     -.37484E-13 -.17070E-14  .33222E-13
  .00000E+00  .00000E+00  .00000E+00  .00000E+00  .00000E+00  .00000E+00
 -.50966E-05 -.50970E-05  .10163E-04 -.22879E-17 -.10419E-18  .20277E-17
  1.3333      1.3333      1.3334     -.65494E-17 -.12841E-17  .11719E-17
    .533   -.267   -.267    .000    .000    .000    .000    .000    .000
   -.267    .533   -.267    .000    .000    .000    .000    .000    .000
   -.267   -.267    .533    .000    .000    .000    .000    .000    .000
    .000    .000    .000    .800    .000    .000    .000    .000    .000
    .000    .000    .000    .000    .800    .000    .000    .000    .000
    .000    .000    .000    .000    .000    .800    .000    .000    .000

  .50000E-02  .50000E-01  .98956      4.6177    
 -.38373E-08 -.80424E-05  .00000E+00 -17098.     -16472.      1083.4    
  5295.3      5512.0      5405.8     -.46888E-09 -.23315E-14  .39802E-13
 -32725.      10263.     -10482.     -.14078E-06  .33307E-13  .11120E-12
 -.67262E-02  .66380E-02  .88251E-04 -.28920E-13 -.14380E-18  .24549E-17
  1.3199      1.3467      1.3354      .14881E-10  .14175E-17 -.36090E-17
    .518   -.267   -.252    .000    .000    .000    .000    .000    .000
   -.267    .549   -.282    .000    .000    .000    .000    .000    .000
   -.252   -.282    .534    .000    .000    .000    .000    .000    .000
    .000    .000    .000    .800    .000    .000    .000    .000    .000
    .000    .000    .000    .000    .777    .000    .000    .000    .000
    .000    .000    .000    .000    .000    .823    .000    .000    .000

  .10000E-01  .10000E+00  .97974      4.5480    
 -.15569E-08 -.80804E-05  .00000E+00 -16102.     -15498.      2149.4    
  5133.2      5563.1      5355.8     -.10920E-08 -.33168E-14  .50118E-13
 -31960.      10340.     -9375.8     -.10385E-06 -.76161E-13  .18429E-12
 -.13548E-01  .13232E-01  .31680E-03 -.68028E-13 -.20663E-18  .31222E-17
  1.3063      1.3602      1.3414     -.41083E-10  .30813E-17 -.19716E-17
    .503   -.266   -.237    .000    .000    .000    .000    .000    .000
   -.266    .564   -.297    .000    .000    .000    .000    .000    .000
   -.237   -.297    .534    .000    .000    .000    .000    .000    .000
    .000    .000    .000    .798    .000    .000    .001    .000    .000
    .000    .000    .000    .000    .755    .000    .000    .000    .000
    .000    .000    .000    .000    .000    .846    .000    .000    .000

  .15000E-01  .15000      .97050      4.4786    
 -.35915E-08 -.80842E-05  .00000E+00 -15137.     -14554.      3198.2    
  4974.9      5614.6      5311.1     -.26310E-08  .82989E-14  .28383E-13
 -31198.      10422.     -8331.6      .20499E-05  .20650E-13 -.86618E-13
 -.20457E-01  .19771E-01  .68663E-03 -.16547E-12  .52192E-18  .17850E-17
  1.2924      1.3738      1.3513      .28419E-10 -.18398E-17 -.12878E-16
    .488   -.266   -.222    .000    .000    .000    .000    .000    .000
   -.266    .579   -.313    .000    .000    .000    .000    .000    .000
   -.222   -.313    .535    .000    .000    .000    .000    .000    .000
    .000    .000    .000    .796    .000    .000    .001    .000    .000
    .000    .000    .000    .000    .733    .000    .000    .001    .000
    .000    .000    .000    .000    .000    .869    .000    .000   -.001

  .20000E-01  .20000      .96183      4.4094    
 -.99597E-08 -.81429E-05  .00000E+00 -14202.     -13639.      4230.2    
  4820.5      5666.5      5271.6     -.73195E-08 -.27200E-14  .20305E-13
 -30439.      10510.     -7349.1     -.24746E-05  .18874E-13 -.20493E-12
 -.27438E-01  .26250E-01  .11877E-02 -.46448E-12 -.17261E-18  .12885E-17
  1.2784      1.3875      1.3651     -.32825E-10 -.10180E-17  .71663E-18
    .473   -.265   -.208    .000    .000    .000    .000    .000    .000
   -.265    .594   -.329    .000    .000    .000    .000    .000    .000
   -.208   -.329    .537    .000    .000    .000    .000    .000    .000
    .000    .000    .000    .793    .000    .000    .002    .000    .000
    .000    .000    .000    .000    .711    .000    .000    .001    .000
    .000    .000    .000    .000    .000    .892    .000    .000   -.001

  .25000E-01  .25000      .95371      4.3405    
 -.16037E-07 -.81652E-05  .00000E+00 -13297.     -12754.      5245.5    
  4669.9      5719.0      5236.8     -.10158E-07  .47046E-14  .71831E-13
 -29684.      10603.     -6428.2      .99671E-06  .11324E-13 -.18813E-12
 -.34474E-01  .32665E-01  .18094E-02 -.65009E-12  .30108E-18  .45970E-17
  1.2641      1.4014      1.3827     -.73640E-10  .35170E-18  .24144E-17
    .459   -.265   -.194    .000    .000    .000    .000    .000    .000
   -.265    .609   -.344    .000    .000    .000    .000    .000    .000
   -.194   -.344    .538    .000    .000    .000    .000    .000    .000
    .000    .000    .000    .789    .000    .000    .004    .000    .000
    .000    .000    .000    .000    .690    .000    .000    .001    .000
    .000    .000    .000    .000    .000    .915    .000    .000   -.002

  .30000E-01  .30000      .94613      4.2719    
 -.25473E-07 -.82585E-05  .00000E+00 -12421.     -11899.      6244.3    
  4523.0      5771.9      5206.5     -.13748E-07  .12351E-14 -.56496E-13
 -28932.      10702.     -5568.4     -.23399E-05  .97033E-13  .22930E-12
 -.41552E-01  .39012E-01  .25403E-02 -.88686E-12  .79678E-19 -.36445E-17
  1.2495      1.4153      1.4039     -.39874E-10  .12498E-17  .44441E-17
    .444   -.264   -.181    .000    .000    .000    .000    .000    .000
   -.264    .624   -.360    .000    .000    .000    .000    .000    .000
   -.181   -.360    .540    .000    .000    .000    .000    .000    .000
    .000    .000    .000    .784    .000    .000    .005    .000    .000
    .000    .000    .000    .000    .669    .000    .000    .002    .000
    .000    .000    .000    .000    .000    .939    .000    .000   -.004

  .35000E-01  .35000      .93907      4.2036    
 -.10766E-07 -.82661E-05  .00000E+00 -11577.     -11074.      7226.8    
  4380.0      5825.3      5180.4     -.11515E-07  .17486E-14 -.32316E-13
 -28185.      10806.     -4769.0      .55577E-06  .27756E-13  .28925E-12
 -.48656E-01  .45287E-01  .33686E-02 -.74844E-12  .11365E-18 -.21004E-17
  1.2346      1.4294      1.4286      .45309E-10 -.36441E-18  .48381E-17
    .430   -.263   -.167    .000    .000    .000    .000    .000    .000
   -.263    .638   -.376    .000    .000    .000    .000    .000    .000
   -.167   -.376    .543    .000    .000    .000    .000    .000    .000
    .000    .000    .000    .778    .000    .000    .007    .000    .000
    .000    .000    .000    .000    .649    .000    .000    .003    .000
    .000    .000    .000    .000    .000    .962    .000    .000   -.005

  .40000E-01  .40000      .93250      4.1355    
 -.76371E-08 -.82400E-05  .00000E+00 -10762.     -10278.      8193.4    
  4240.6      5879.3      5158.1     -.60856E-08 -.55511E-16  .16975E-13
 -27441.      10914.     -4029.5     -.22388E-05 -.58398E-13  .25484E-12
 -.55770E-01  .51488E-01  .42820E-02 -.39833E-12 -.36334E-20  .11111E-17
  1.2194      1.4436      1.4569      .32512E-10 -.40512E-18 -.12232E-16
    .416   -.262   -.155    .000    .000    .000    .000    .000    .000
   -.262    .653   -.391    .000    .000    .000    .000    .000    .000
   -.155   -.391    .546    .000    .000    .000    .000    .000    .000
    .000    .000    .000    .772    .000    .000    .009    .000    .000
    .000    .000    .000    .000    .629    .000    .000    .003    .000
    .000    .000    .000    .000    .000    .985    .000    .000   -.007

  .45000E-01  .45000      .92655      4.1184    
 -.72069E-08 -.82324E-05  .00000E+00 -9748.8     -9285.1      9145.0    
  4105.7      5934.7      5140.2     -.14787E-07 -.13045E-14 -.37620E-13
 -26575.      11189.     -3184.8     -.17462E-05  .37526E-13  .96839E-13
 -.62877E-01  .57606E-01  .52706E-02 -.97408E-12 -.85933E-19 -.24782E-17
  1.2040      1.4579      1.4885      .76928E-10 -.74963E-18  .10253E-16
    .403   -.261   -.142    .000    .000    .000    .000    .000    .000
   -.261    .667   -.407    .000    .000    .000    .000    .000    .000
   -.142   -.407    .549    .000    .000    .000    .000    .000    .000
    .000    .000    .000    .765    .000    .000    .012    .000    .000
    .000    .000    .000    .000    .609    .000    .000    .004    .000
    .000    .000    .000    .000    .000   1.007    .000    .000   -.009

  .50000E-01  .50000      .92123      4.1142    
 -.42248E-08 -.81737E-05  .00000E+00 -8705.6     -8261.0      10082.    
  3975.2      5991.7      5126.6     -.17297E-07  .98532E-15 -.80447E-13
 -25690.      11515.     -2347.5      .40691E-05  .75606E-13  .20581E-13
 -.69961E-01  .63636E-01  .63242E-02 -.11460E-11  .65281E-19 -.53299E-17
  1.1882      1.4723      1.5234      .87650E-10 -.14711E-19  .21021E-16
    .390   -.259   -.130    .000    .000    .000    .000    .000    .000
   -.259    .681   -.422    .000    .000    .000    .000    .000    .000
   -.130   -.422    .552    .000    .000    .000    .000    .000    .000
    .000    .000    .000    .757    .000    .000    .014    .000    .000
    .000    .000    .000    .000    .590    .000    .000    .004    .000
    .000    .000    .000    .000    .000   1.030    .000    .000   -.012

  .55000E-01  .55000      .91654      4.1101    
  .30478E-08 -.81967E-05  .00000E+00 -7688.1     -7261.9      11006.    
  3849.1      6050.3      5117.1     -.22397E-07  .10061E-14 -.98558E-14
 -24820.      11851.     -1555.2      .23761E-05 -.63283E-14 -.38303E-13
 -.77007E-01  .69575E-01  .74320E-02 -.14915E-11  .67002E-19 -.65633E-18
  1.1722      1.4867      1.5615     -.15371E-10 -.12569E-18  .17919E-17
    .377   -.258   -.119    .000    .000    .000    .000    .000    .000
   -.258    .695   -.437    .000    .000    .000    .000    .000    .000
   -.119   -.437    .556    .000    .000    .000    .000    .000    .000
    .000    .000    .000    .748    .000    .000    .017    .000    .000
    .000    .000    .000    .000    .571    .000    .000    .005    .000
    .000    .000    .000    .000    .000   1.053    .000    .000   -.015

  .60000E-01  .60000      .91246      4.1063    
 -.59286E-08 -.81561E-05  .00000E+00 -6695.7     -6286.9      11917.    
  3727.4      6110.7      5111.5     -.20700E-07 -.83961E-15 -.14319E-13
 -23966.      12198.     -805.31     -.30173E-05  .70388E-13 -.39031E-12
 -.84003E-01  .75419E-01  .85838E-02 -.13846E-11 -.56162E-19 -.95783E-18
  1.1558      1.5013      1.6027      .60772E-10  .23579E-18  .38620E-17
    .364   -.256   -.108    .000    .000    .000    .000    .000    .000
   -.256    .709   -.453    .000    .000    .000    .000    .000    .000
   -.108   -.453    .560    .000    .000    .000    .000    .000    .000
    .000    .000    .000    .739    .000    .000    .020    .000    .000
    .000    .000    .000    .000    .553    .000    .000    .005    .000
    .000    .000    .000    .000    .000   1.075    .000    .000   -.019

  .65000E-01  .65000      .90896      4.1026    
 -.80516E-09 -.80681E-05  .00000E+00 -5727.2     -5335.0      12815.    
  3609.9      6172.9      5109.6     -.14095E-07  .16653E-15 -.52390E-13
 -23129.      12554.     -95.271     -.20523E-05  .66835E-13 -.61479E-13
 -.90935E-01  .81166E-01  .97694E-02 -.94645E-12  .11182E-19 -.35179E-17
  1.1391      1.5159      1.6469     -.14289E-10 -.36157E-18 -.91717E-17
    .352   -.255   -.097    .000    .000    .000    .000    .000    .000
   -.255    .722   -.468    .000    .000    .000    .000    .000    .000
   -.097   -.468    .565    .000    .000    .000    .000    .000    .000
    .000    .000    .000    .729    .000    .000    .023    .000    .000
    .000    .000    .000    .000    .536    .000    .000    .006    .000
    .000    .000    .000    .000    .000   1.097    .000    .000   -.023

  .70000E-01  .70000      .90604      4.0991    
  .98302E-08 -.79798E-05  .00000E+00 -4781.9     -4405.4      13702.    
  3496.5      6236.9      5111.2     -.43244E-08 -.65226E-15 -.62702E-13
 -22309.      12921.      577.40     -.28051E-05 -.51292E-13  .46352E-14
 -.97791E-01  .86812E-01  .10979E-01 -.29131E-12 -.43939E-19 -.42239E-17
  1.1222      1.5306      1.6939     -.76194E-10  .61515E-18 -.35518E-16
    .340   -.253   -.087    .000    .000    .000    .000    .000    .000
   -.253    .736   -.483    .000    .000    .000    .000    .000    .000
   -.087   -.483    .569    .000    .000    .000    .000    .000    .000
    .000    .000    .000    .719    .000    .000    .026    .000    .000
    .000    .000    .000    .000    .519    .000    .000    .007    .000
    .000    .000    .000    .000    .000   1.118    .000    .000   -.027

  .75000E-01  .75000      .90369      4.0958    
  .69311E-08 -.78953E-05  .00000E+00 -3858.8     -3497.1      14578.    
  3387.2      6302.7      5116.0     -.33900E-08 -.12421E-14  .29235E-13
 -21507.      13298.      1215.1      .37400E-05  .52958E-13 -.18988E-12
 -.10456      .92355E-01  .12204E-01 -.22896E-12 -.83889E-19  .19746E-17
  1.1049      1.5453      1.7436      .13356E-09 -.36368E-18 -.39302E-16
    .328   -.251   -.077    .000    .000    .000    .000    .000    .000
   -.251    .749   -.497    .000    .000    .000    .000    .000    .000
   -.077   -.497    .574    .000    .000    .000    .000    .000    .000
    .000    .000    .000    .708    .000    .000    .029    .000    .000
    .000    .000    .000    .000    .502    .000    .000    .007    .000
    .000    .000    .000    .000    .000   1.139    .000    .000   -.032

  .80000E-01  .80000      .90188      4.0927    
  .12174E-07 -.79267E-05  .00000E+00 -2956.7     -2609.2      15443.    
  3281.9      6370.5      5124.0     -.40069E-08  .59674E-15  .12475E-12
 -20723.      13685.      1820.3      .66194E-05  .67724E-13  .28567E-12
 -.11123      .97794E-01  .13436E-01 -.27117E-12  .40385E-19  .84423E-17
  1.0874      1.5601      1.7960     -.11125E-09 -.15215E-18 -.21684E-16
    .317   -.250   -.067    .000    .000    .000    .000    .000    .000
   -.250    .761   -.512    .000    .000    .000    .000    .000    .000
   -.067   -.512    .579    .000    .000    .000    .000    .000    .000
    .000    .000    .000    .697    .000    .000    .032    .000    .000
    .000    .000    .000    .000    .486    .000    .000    .007    .000
    .000    .000    .000    .000    .000   1.160    .000    .000   -.038

  .85000E-01  .85000      .90061      4.0897    
  .24422E-07 -.78473E-05  .00000E+00 -2075.1     -1740.7      16299.    
  3180.4      6440.3      5135.0     -.49372E-08  .11449E-15  .13608E-12
 -19958.      14082.      2395.3      .37855E-05 -.42188E-14 -.96895E-13
 -.11779      .10313      .14666E-01 -.33460E-12  .77592E-20  .92225E-17
  1.0695      1.5749      1.8508     -.22025E-10 -.30096E-19 -.17421E-16
    .306   -.248   -.058    .000    .000    .000    .000    .000    .000
   -.248    .774   -.526    .000    .000    .000    .000    .000    .000
   -.058   -.526    .584    .000    .000    .000    .000    .000    .000
    .000    .000    .000    .685    .000    .000    .036    .000    .000
    .000    .000    .000    .000    .471    .000    .000    .008    .000
    .000    .000    .000    .000    .000   1.180    .000    .000   -.044

  .90000E-01  .90000      .89987      4.0869    
  .46204E-07 -.77715E-05  .00000E+00 -1212.8     -890.80      17147.    
  3082.7      6512.1      5148.7     -.82842E-08 -.90206E-16  .65909E-13
 -19212.      14489.      2942.2      .13625E-05 -.95479E-14  .62933E-12
 -.12424      .10836      .15886E-01 -.56189E-12 -.61183E-20  .44704E-17
  1.0514      1.5898      1.9080      .90196E-10  .11578E-18  .12840E-16
    .296   -.246   -.050    .000    .000    .000    .000    .000    .000
   -.246    .786   -.540    .000    .000    .000    .000    .000    .000
   -.050   -.540    .590    .000    .000    .000    .000    .000    .000
    .000    .000    .000    .673    .000    .000    .039    .000    .000
    .000    .000    .000    .000    .456    .000    .000    .008    .000
    .000    .000    .000    .000    .000   1.200    .000    .000   -.050

  .95000E-01  .95000      .89965      4.0844    
  .47477E-07 -.76703E-05  .00000E+00 -368.75     -58.485      17986.    
  2988.7      6585.9      5165.2     -.13229E-07  .42674E-15  .31131E-13
 -18486.      14906.      3463.3     -.25778E-05  .91038E-13 -.64562E-12
 -.13057      .11348      .17091E-01 -.89750E-12  .28952E-19  .21121E-17
  1.0331      1.6047      1.9674      .86824E-10  .13652E-18 -.31459E-16
    .285   -.244   -.042    .000    .000    .000    .000    .000    .000
   -.244    .798   -.554    .000    .000    .000    .000    .000    .000
   -.042   -.554    .596    .000    .000    .000    .000    .000    .000
    .000    .000    .000    .661    .000    .000    .042    .000    .000
    .000    .000    .000    .000    .441    .000    .000    .008    .000
    .000    .000    .000    .000    .000   1.220    .000    .000   -.057

  .10000      1.0000      .89993      4.0819    
  .52186E-07 -.75336E-05  .00000E+00  457.62      757.14      18818.    
  2898.3      6661.9      5184.2     -.15799E-07 -.12490E-15 -.23252E-13
 -17779.      15333.      3960.6     -.12644E-06  .44631E-13 -.59486E-12
 -.13676      .11849      .18273E-01 -.10715E-11 -.84710E-20 -.15770E-17
  1.0145      1.6196      2.0288     -.10413E-13  .19107E-18 -.11699E-17
    .276   -.242   -.034    .000    .000    .000    .000    .000    .000
   -.242    .809   -.568    .000    .000    .000    .000    .000    .000
   -.034   -.568    .602    .000    .000    .000    .000    .000    .000
    .000    .000    .000    .648    .000    .000    .045    .000    .000
    .000    .000    .000    .000    .427    .000    .000    .009    .000
    .000    .000    .000    .000    .000   1.238    .000    .000   -.065

  .10500      1.0500      .90070      4.0797    
  .65992E-07 -.74046E-05  .00000E+00  1267.6      1557.0      19643.    
  2811.4      6740.0      5205.7      .15959E-08 -.34694E-17 -.12903E-12
 -17093.      15770.      4436.2      .77997E-05  .91038E-14  .37503E-12
 -.14282      .12340      .19426E-01  .10814E-12 -.23510E-21 -.87437E-17
  .99564      1.6346      2.0922      .14756E-09 -.38745E-18 -.32496E-16
    .266   -.239   -.027    .000    .000    .000    .000    .000    .000
   -.239    .821   -.581    .000    .000    .000    .000    .000    .000
   -.027   -.581    .608    .000    .000    .000    .000    .000    .000
    .000    .000    .000    .635    .000    .000    .048    .000    .000
    .000    .000    .000    .000    .414    .000    .000    .009    .000
    .000    .000    .000    .000    .000   1.257    .000    .000   -.073

  .11000      1.1000      .90196      4.0776    
  .59001E-07 -.73707E-05  .00000E+00  2061.9      2342.0      20463.    
  2727.8      6820.4      5229.5     -.74175E-09 -.76328E-16  .15500E-13
 -16426.      16218.      4892.0      .21431E-05 -.66058E-14 -.78715E-13
 -.14874      .12820      .20546E-01 -.50194E-13 -.51651E-20  .10489E-17
  .97659      1.6495      2.1573     -.59654E-10 -.27610E-18 -.21079E-16
    .257   -.237   -.020    .000    .000    .000    .000    .000    .000
   -.237    .832   -.594    .000    .000    .000    .000    .000    .000
   -.020   -.594    .614    .000    .000    .000    .000    .000    .000
    .000    .000    .000    .622    .000    .000    .051    .000    .000
    .000    .000    .000    .000    .401    .000    .000    .009    .000
    .000    .000    .000    .000    .000   1.275    .000    .000   -.081

  .11500      1.1500      .90373      4.0886    
  .46297E-07 -.72804E-05  .00000E+00  2898.5      3170.3      21278.    
  2647.7      6903.2      5255.9      .11221E-07 -.13878E-15 -.10493E-13
 -15759.      16717.      5382.6      .42251E-05  .68279E-14 -.20572E-12
 -.15452      .13289      .21632E-01  .75781E-12 -.93726E-20 -.70869E-18
  .95735      1.6645      2.2240      .91924E-10  .13215E-18 -.24465E-16
    .248   -.235   -.013    .000    .000    .000    .000    .000    .000
   -.235    .842   -.607    .000    .000    .000    .000    .000    .000
   -.013   -.607    .620    .000    .000    .000    .000    .000    .000
    .000    .000    .000    .609    .000    .000    .054    .000    .000
    .000    .000    .000    .000    .388    .000    .000    .009    .000
    .000    .000    .000    .000    .000   1.292    .000    .000   -.090

  .12000      1.2000      .90601      4.1030    
  .57034E-07 -.72045E-05  .00000E+00  3735.3      3999.5      22089.    
  2570.8      6988.6      5284.7      .13729E-07  .13878E-14  .36806E-13
 -15109.      17236.      5872.3      .68109E-05  .52514E-13 -.36637E-14
 -.16015      .13747      .22681E-01  .92490E-12  .93491E-19  .24795E-17
  .93795      1.6794      2.2923     -.28135E-10 -.46839E-18  .23922E-16
    .239   -.233   -.007    .000    .000    .000    .000    .000    .000
   -.233    .853   -.620    .000    .000    .000    .000    .000    .000
   -.007   -.620    .627    .000    .000    .000    .000    .000    .000
    .000    .000    .000    .596    .000    .000    .056    .000    .000
    .000    .000    .000    .000    .376    .000    .000    .009    .000
    .000    .000    .000    .000    .000   1.309    .000    .000   -.100

  .12500      1.2500      .90879      4.1175    
  .64012E-07 -.71325E-05  .00000E+00  4558.8      4816.4      22897.    
  2497.1      7076.6      5316.0      .24564E-07  .86736E-15  .15084E-12
 -14482.      17765.      6349.9     -.31810E-05 -.90761E-14 -.90761E-14
 -.16563      .14193      .23691E-01  .16498E-11  .58253E-19  .10130E-16
  .91841      1.6943      2.3619      .71219E-10  .63752E-18 -.14620E-16
    .231   -.230   -.001    .000    .000    .000    .000    .000    .000
   -.230    .863   -.633    .000    .000    .000    .000    .000    .000
   -.001   -.633    .634    .000    .000    .000    .000    .000    .000
    .000    .000    .000    .583    .000    .000    .059    .000    .000
    .000    .000    .000    .000    .364    .000    .000    .009    .000
    .000    .000    .000    .000    .000   1.325    .000    .000   -.110

  .13000      1.3000      .91207      4.1322    
  .60736E-07 -.70248E-05  .00000E+00  5370.5      5622.1      23704.    
  2426.5      7167.3      5349.6      .86412E-09  .27756E-15 -.11421E-12
 -13879.      18306.      6817.0      .93577E-05 -.35166E-13  .31733E-12
 -.17095      .14630      .24659E-01  .57827E-13  .18574E-19 -.76431E-17
  .89875      1.7092      2.4327      .45332E-10 -.10058E-17 -.47158E-16
    .223   -.228    .005    .000    .000    .000    .000    .000    .000
   -.228    .873   -.645    .000    .000    .000    .000    .000    .000
    .005   -.645    .641    .000    .000    .000    .000    .000    .000
    .000    .000    .000    .570    .000    .000    .061    .000    .000
    .000    .000    .000    .000    .353    .000    .000    .009    .000
    .000    .000    .000    .000    .000   1.341    .000    .000   -.120

  .13500      1.3500      .91584      4.1469    
  .41071E-07 -.69335E-05  .00000E+00  6171.1      6417.6      24509.    
  2358.8      7260.7      5385.6     -.29874E-08 -.15404E-14  .12656E-12
 -13298.      18858.      7275.4      .98040E-06  .22621E-13  .31644E-12
 -.17613      .15055      .25583E-01 -.19909E-12 -.10266E-18  .84344E-17
  .87898      1.7240      2.5046     -.19999E-10 -.31307E-18  .21459E-16
    .215   -.225    .010    .000    .000    .000    .000    .000    .000
   -.225    .882   -.657    .000    .000    .000    .000    .000    .000
    .010   -.657    .648    .000    .000    .000    .000    .000    .000
    .000    .000    .000    .556    .000    .000    .063    .000    .000
    .000    .000    .000    .000    .342    .000    .000    .009    .000
    .000    .000    .000    .000    .000   1.356    .000    .000   -.131

  .14000      1.4000      .92009      4.1619    
  .73290E-07 -.68608E-05  .00000E+00  6962.0      7204.0      25314.    
  2294.0      7356.9      5423.8      .21109E-08  .21684E-15  .58360E-13
 -12741.      19422.      7726.4     -.41010E-05  .93814E-14  .76997E-12
 -.18116      .15470      .26463E-01  .14003E-12  .14384E-19  .38714E-17
  .85913      1.7388      2.5773      .17219E-09 -.68355E-18 -.32589E-17
    .208   -.222    .014    .000    .000    .000    .000    .000    .000
   -.222    .892   -.669    .000    .000    .000    .000    .000    .000
    .014   -.669    .655    .000    .000    .000    .000    .000    .000
    .000    .000    .000    .543    .000    .000    .065    .000    .000
    .000    .000    .000    .000    .332    .000    .000    .009    .000
    .000    .000    .000    .000    .000   1.371    .000    .000   -.142

  .14500      1.4500      .92481      4.1769    
  .86003E-07 -.67246E-05  .00000E+00  7744.0      7982.3      26120.    
  2231.9      7455.9      5464.3     -.20051E-09 -.19585E-14  .18503E-13
 -12205.      19998.      8171.7     -.69459E-05 -.27756E-15 -.95646E-13
 -.18604      .15874      .27297E-01 -.13233E-13 -.12926E-18  .12211E-17
  .83922      1.7535      2.6507      .19172E-09 -.68921E-18  .52547E-16
    .201   -.220    .019    .000    .000    .000    .000    .000    .000
   -.220    .901   -.681    .000    .000    .000    .000    .000    .000
    .019   -.681    .662    .000    .000    .000    .000    .000    .000
    .000    .000    .000    .530    .000    .000    .067    .000    .000
    .000    .000    .000    .000    .322    .000    .000    .009    .000
    .000    .000    .000    .000    .000   1.385    .000    .000   -.154

  .15000      1.5000      .93001      4.1921    
  .95473E-07 -.65978E-05  .00000E+00  8518.3      8753.5      26928.    
  2172.4      7557.9      5507.0      .17530E-07 -.38788E-14 -.10575E-13
 -11691.      20586.      8612.4      .11067E-04  .36027E-13  .42077E-12
 -.19076      .16268      .28085E-01  .11504E-11 -.25456E-18 -.69401E-18
  .81927      1.7682      2.7247     -.68716E-10  .60612E-18 -.12265E-16
    .194   -.217    .023    .000    .000    .000    .000    .000    .000
   -.217    .909   -.692    .000    .000    .000    .000    .000    .000
    .023   -.692    .669    .000    .000    .000    .000    .000    .000
    .000    .000    .000    .517    .000    .000    .068    .000    .000
    .000    .000    .000    .000    .312    .000    .000    .008    .000
    .000    .000    .000    .000    .000   1.398    .000    .000   -.166

  .15500      1.5500      .93568      4.2073    
  .10744E-06 -.64999E-05  .00000E+00  9285.8      9518.8      27737.    
  2115.4      7662.8      5552.0      .32717E-07 -.55511E-15 -.95791E-14
 -11199.      21186.      9050.1     -.14789E-05  .11741E-13 -.14910E-12
 -.19534      .16652      .28826E-01  .21342E-11 -.36210E-19 -.62486E-18
  .79930      1.7828      2.7991      .18154E-09 -.15987E-17  .17173E-16
    .187   -.214    .027    .000    .000    .000    .000    .000    .000
   -.214    .918   -.704    .000    .000    .000    .000    .000    .000
    .027   -.704    .677    .000    .000    .000    .000    .000    .000
    .000    .000    .000    .504    .000    .000    .069    .000    .000
    .000    .000    .000    .000    .303    .000    .000    .008    .000
    .000    .000    .000    .000    .000   1.411    .000    .000   -.179

  .16000      1.6000      .94181      4.2227    
  .93890E-07 -.63718E-05  .00000E+00  10048.      10279.      28550.    
  2060.8      7770.8      5599.1      .57882E-07  .22638E-14 -.33432E-13
 -10727.      21799.      9486.0      .63344E-05 -.39413E-14 -.22132E-12
 -.19978      .17026      .29522E-01  .37511E-11  .14671E-18 -.21666E-17
  .77934      1.7973      2.8737     -.36435E-10 -.35435E-18  .67333E-16
    .181   -.211    .031    .000    .000    .000    .000    .000    .000
   -.211    .926   -.715    .000    .000    .000    .000    .000    .000
    .031   -.715    .684    .000    .000    .000    .000    .000    .000
    .000    .000    .000    .491    .000    .000    .070    .000    .000
    .000    .000    .000    .000    .294    .000    .000    .008    .000
    .000    .000    .000    .000    .000   1.424    .000    .000   -.192

  .16500      1.6500      .94841      4.2383    
  .10611E-06 -.62900E-05  .00000E+00  10805.      11035.      29366.    
  2008.5      7881.8      5648.4      .50461E-07  .27842E-14  .32127E-13
 -10277.      22426.      9921.1      .90729E-05  .18596E-14  .14910E-12
 -.20408      .17390      .30171E-01  .32475E-11  .17918E-18  .20676E-17
  .75941      1.8117      2.9483      .65130E-10  .92660E-18 -.16127E-16
    .174   -.208    .034    .000    .000    .000    .000    .000    .000
   -.208    .934   -.726    .000    .000    .000    .000    .000    .000
    .034   -.726    .692    .000    .000    .000    .000    .000    .000
    .000    .000    .000    .479    .000    .000    .071    .000    .000
    .000    .000    .000    .000    .286    .000    .000    .008    .000
    .000    .000    .000    .000    .000   1.435    .000    .000   -.205

  .17000      1.7000      .95546      4.2539    
  .11557E-06 -.61259E-05  .00000E+00  11558.      11788.      30188.    
  1958.4      7996.0      5699.9      .73240E-07 -.17616E-14  .12084E-12
 -9845.7      23065.      10357.      .68385E-05 -.29213E-13 -.64687E-12
 -.20823      .17745      .30776E-01  .46786E-11 -.11253E-18  .77191E-17
  .73952      1.8261      3.0228      .16968E-09  .87499E-18  .15601E-16
    .168   -.205    .037    .000    .000    .000    .000    .000    .000
   -.205    .941   -.736    .000    .000    .000    .000    .000    .000
    .037   -.736    .700    .000    .000    .000    .000    .000    .000
    .000    .000    .000    .466    .000    .000    .072    .000    .000
    .000    .000    .000    .000    .278    .000    .000    .008    .000
    .000    .000    .000    .000    .000   1.447    .000    .000   -.218

  .17500      1.7500      .96297      4.2696    
  .11401E-06 -.60580E-05  .00000E+00  12309.      12539.      31015.    
  1910.4      8113.4      5753.5      .57650E-07 -.57940E-15  .72858E-16
 -9434.3      23718.      10794.     -.77935E-05 -.37470E-15 -.90150E-13
 -.21225      .18091      .31337E-01  .36540E-11 -.36723E-19  .46179E-20
  .71969      1.8403      3.0969      .17184E-10 -.75822E-18 -.13225E-16
    .162   -.202    .040    .000    .000    .000    .000    .000    .000
   -.202    .949   -.747    .000    .000    .000    .000    .000    .000
    .040   -.747    .707    .000    .000    .000    .000    .000    .000
    .000    .000    .000    .454    .000    .000    .073    .000    .000
    .000    .000    .000    .000    .270    .000    .000    .007    .000
    .000    .000    .000    .000    .000   1.458    .000    .000   -.232

  .18000      1.8000      .97094      4.2855    
  .11885E-06 -.59522E-05  .00000E+00  13057.      13288.      31849.    
  1864.4      8234.1      5809.4      .64768E-07 -.11206E-14  .47920E-13
 -9041.7      24384.      11234.     -.60087E-05  .20622E-13  .23176E-12
 -.21613      .18428      .31855E-01  .40714E-11 -.70445E-19  .30123E-17
  .69996      1.8544      3.1706      .98254E-10 -.25081E-19  .39292E-16
    .157   -.199    .042    .000    .000    .000    .000    .000    .000
   -.199    .956   -.757    .000    .000    .000    .000    .000    .000
    .042   -.757    .715    .000    .000    .000    .000    .000    .000
    .000    .000    .000    .442    .000    .000    .073    .000    .000
    .000    .000    .000    .000    .262    .000    .000    .007    .000
    .000    .000    .000    .000    .000   1.468    .000    .000   -.246

  .18500      1.8500      .97937      4.3027    
  .10733E-06 -.58335E-05  .00000E+00  13810.      14043.      32690.    
  1820.3      8358.2      5867.5      .75797E-07  .38598E-15 -.58342E-13
 -8666.3      25069.      11684.     -.24107E-05  .18915E-13 -.12179E-12
 -.21989      .18756      .32332E-01  .47237E-11  .24054E-19 -.36359E-17
  .68033      1.8684      3.2436      .21107E-09 -.75114E-18 -.11963E-16
    .151   -.196    .044    .000    .000    .000    .000    .000    .000
   -.196    .963   -.767    .000    .000    .000    .000    .000    .000
    .044   -.767    .723    .000    .000    .000    .000    .000    .000
    .000    .000    .000    .430    .000    .000    .073    .000    .000
    .000    .000    .000    .000    .255    .000    .000    .007    .000
    .000    .000    .000    .000    .000   1.478    .000    .000   -.260

  .19000      1.9000      .98826      4.3204    
  .83371E-07 -.58239E-05  .00000E+00  14565.      14800.      33539.    
  1778.0      8485.8      5927.8      .11999E-06  .39881E-14 -.24848E-13
 -8308.4      25768.      12140.     -.20962E-05  .56621E-14 -.31714E-12
 -.22352      .19075      .32771E-01  .74104E-11  .24631E-18 -.15346E-17
  .66083      1.8823      3.3157      .23301E-10 -.81617E-18 -.32324E-16
    .146   -.192    .047    .000    .000    .000    .000    .000    .000
   -.192    .970   -.777    .000    .000    .000    .000    .000    .000
    .047   -.777    .731    .000    .000    .000    .000    .000    .000
    .000    .000    .000    .419    .000    .000    .073    .000    .000
    .000    .000    .000    .000    .248    .000    .000    .006    .000
    .000    .000    .000    .000    .000   1.487    .000    .000   -.274

  .19500      1.9500      .99761      4.3381    
  .84052E-07 -.56590E-05  .00000E+00  15321.      15558.      34397.    
  1737.5      8616.9      5990.5      .15396E-06 -.71557E-15 -.11165E-12
 -7967.9      26482.      12603.     -.63979E-05  .17125E-13 -.50071E-12
 -.22703      .19386      .33173E-01  .94198E-11 -.43780E-19 -.68307E-17
  .64148      1.8960      3.3869      .27004E-10 -.43727E-19  .50716E-16
    .141   -.189    .048    .000    .000    .000    .000    .000    .000
   -.189    .976   -.787    .000    .000    .000    .000    .000    .000
    .048   -.787    .739    .000    .000    .000    .000    .000    .000
    .000    .000    .000    .407    .000    .000    .073    .000    .000
    .000    .000    .000    .000    .241    .000    .000    .006    .000
    .000    .000    .000    .000    .000   1.496    .000    .000   -.288

  .20000      2.0000      1.0074      4.3560    
  .85787E-07 -.56213E-05  .00000E+00  16077.      16319.      35264.    
  1698.6      8751.5      6055.5      .14568E-06  .60715E-14 -.37963E-13
 -7644.1      27210.      13071.     -.14373E-05 -.19276E-13  .95168E-12
 -.23042      .19688      .33540E-01  .88263E-11  .36785E-18 -.23000E-17
  .62230      1.9096      3.4569     -.89615E-10  .30437E-18 -.15982E-16
    .136   -.186    .050    .000    .000    .000    .000    .000    .000
   -.186    .983   -.797    .000    .000    .000    .000    .000    .000
    .050   -.797    .747    .000    .000    .000    .000    .000    .000
    .000    .000    .000    .396    .000    .000    .073    .000    .000
    .000    .000    .000    .000    .234    .000    .000    .006    .000
    .000    .000    .000    .000    .000   1.504    .000    .000   -.303

  .20500      2.0500      1.0177      4.3739    
  .70047E-07 -.55345E-05  .00000E+00  16837.      17082.      36143.    
  1661.3      8889.9      6122.8      .12369E-06  .52879E-14  .98671E-14
 -7336.4      27953.      13548.     -.65970E-05 -.18041E-13 -.40734E-12
 -.23370      .19982      .33874E-01  .74179E-11  .31713E-18  .59176E-18
  .60331      1.9230      3.5255     -.20288E-09  .40481E-18 -.41813E-16
    .131   -.183    .051    .000    .000    .000    .000    .000    .000
   -.183    .989   -.806    .000    .000    .000    .000    .000    .000
    .051   -.806    .755    .000    .000    .000    .000    .000    .000
    .000    .000    .000    .385    .000    .000    .073    .000    .000
    .000    .000    .000    .000    .228    .000    .000    .006    .000
    .000    .000    .000    .000    .000   1.512    .000    .000   -.318

  .21000      2.1000      1.0284      4.3920    
  .73580E-07 -.54018E-05  .00000E+00  17600.      17849.      37032.    
  1625.5      9032.0      6192.6      .11177E-06 -.38580E-14 -.61805E-13
 -7044.2      28711.      14033.     -.71151E-06  .10755E-14 -.49760E-12
 -.23686      .20269      .34177E-01  .66335E-11 -.22896E-18 -.36679E-17
  .58452      1.9363      3.5926      .26172E-10 -.13139E-17  .23922E-16
    .126   -.179    .053    .000    .000    .000    .000    .000    .000
   -.179    .995   -.816    .000    .000    .000    .000    .000    .000
    .053   -.816    .763    .000    .000    .000    .000    .000    .000
    .000    .000    .000    .374    .000    .000    .072    .000    .000
    .000    .000    .000    .000    .222    .000    .000    .005    .000
    .000    .000    .000    .000    .000   1.520    .000    .000   -.332

  .21500      2.1500      1.0397      4.4101    
  .73591E-07 -.52947E-05  .00000E+00  18367.      18621.      37934.    
  1591.1      9177.8      6264.7      .10926E-06 -.54037E-15  .58509E-13
 -6766.9      29483.      14527.      .22276E-05 -.19894E-13  .51814E-12
 -.23992      .20547      .34451E-01  .64144E-11 -.31723E-19  .34349E-17
  .56595      1.9494      3.6580     -.58099E-10 -.14875E-17 -.14758E-16
    .122   -.176    .054    .000    .000    .000    .000    .000    .000
   -.176   1.001   -.825    .000    .000    .000    .000    .000    .000
    .054   -.825    .771    .000    .000    .000    .000    .000    .000
    .000    .000    .000    .364    .000    .000    .071    .000    .000
    .000    .000    .000    .000    .216    .000    .000    .005    .000
    .000    .000    .000    .000    .000   1.527    .000    .000   -.347

  .22000      2.2000      1.0513      4.4283    
  .62200E-07 -.52061E-05  .00000E+00  19139.      19399.      38848.    
  1558.1      9327.6      6339.4      .67916E-07 -.16324E-14  .95542E-13
 -6503.6      30271.      15031.     -.14407E-04  .41238E-13  .18363E-12
 -.24288      .20818      .34699E-01  .39429E-11 -.94767E-19  .55467E-17
  .54761      1.9623      3.7216      .13283E-09  .15568E-17  .69604E-16
    .118   -.172    .055    .000    .000    .000    .000    .000    .000
   -.172   1.006   -.834    .000    .000    .000    .000    .000    .000
    .055   -.834    .779    .000    .000    .000    .000    .000    .000
    .000    .000    .000    .354    .000    .000    .071    .000    .000
    .000    .000    .000    .000    .210    .000    .000    .005    .000
    .000    .000    .000    .000    .000   1.533    .000    .000   -.362

  .22500      2.2500      1.0635      4.4466    
  .55794E-07 -.50772E-05  .00000E+00  19916.      20183.      39776.    
  1526.3      9481.4      6416.6      .31965E-07 -.17868E-14 -.14126E-12
 -6253.8      31073.      15545.     -.38265E-05  .31995E-13 -.84621E-12
 -.24574      .21082      .34922E-01  .18345E-11 -.10254E-18 -.81068E-17
  .52953      1.9750      3.7832      .93274E-10  .25716E-17 -.22902E-16
    .113   -.169    .056    .000    .000    .000    .000    .000    .000
   -.169   1.012   -.843    .000    .000    .000    .000    .000    .000
    .056   -.843    .787    .000    .000    .000    .000    .000    .000
    .000    .000    .000    .344    .000    .000    .070    .000    .000
    .000    .000    .000    .000    .205    .000    .000    .005    .000
    .000    .000    .000    .000    .000   1.540    .000    .000   -.377

  .23000      2.3000      1.0761      4.4649    
  .28191E-07 -.49886E-05  .00000E+00  20700.      20973.      40717.    
  1495.7      9639.2      6496.4      .16903E-07  .27691E-14  .94660E-13
 -6016.7      31891.      16072.     -.24318E-05  .20310E-13  .74840E-12
 -.24850      .21338      .35124E-01  .95871E-12  .15705E-18  .53689E-17
  .51171      1.9875      3.8426     -.35068E-10 -.22241E-17 -.33152E-16
    .109   -.166    .056    .000    .000    .000    .000    .000    .000
   -.166   1.017   -.851    .000    .000    .000    .000    .000    .000
    .056   -.851    .795    .000    .000    .000    .000    .000    .000
    .000    .000    .000    .334    .000    .000    .069    .000    .000
    .000    .000    .000    .000    .199    .000    .000    .004    .000
    .000    .000    .000    .000    .000   1.546    .000    .000   -.392

  .23500      2.3500      1.0892      4.4833    
  .21500E-07 -.47430E-05  .00000E+00  21491.      21771.      41674.    
  1466.3      9801.1      6578.8      .35389E-08  .26854E-14 -.42036E-13
 -5791.4      32723.      16610.     -.24192E-04 -.18208E-13 -.25646E-12
 -.25117      .21587      .35305E-01  .19830E-12  .15047E-18 -.23555E-17
  .49418      1.9998      3.8997      .14856E-09  .13180E-17 -.53190E-16
    .106   -.162    .057    .000    .000    .000    .000    .000    .000
   -.162   1.022   -.860    .000    .000    .000    .000    .000    .000
    .057   -.860    .803    .000    .000    .000    .000    .000    .000
    .000    .000    .000    .324    .000    .000    .068    .000    .000
    .000    .000    .000    .000    .194    .000    .000    .004    .000
    .000    .000    .000    .000    .000   1.551    .000    .000   -.406

  .24000      2.4000      1.1028      4.5018    
  .58755E-08 -.46761E-05  .00000E+00  22290.      22577.      42646.    
  1438.0      9967.2      6663.9      .29929E-07  .10721E-14  .12605E-12
 -5577.0      33569.      17162.      .15583E-05 -.14905E-13 -.82623E-12
 -.25375      .21828      .35470E-01  .16563E-11  .59331E-19  .69761E-17
  .47694      2.0119      3.9544     -.28344E-10 -.95093E-18  .34571E-16
    .102   -.159    .057    .000    .000    .000    .000    .000    .000
   -.159   1.027   -.868    .000    .000    .000    .000    .000    .000
    .057   -.868    .811    .000    .000    .000    .000    .000    .000
    .000    .000    .000    .315    .000    .000    .067    .000    .000
    .000    .000    .000    .000    .189    .000    .000    .004    .000
    .000    .000    .000    .000    .000   1.557    .000    .000   -.421

  .24500      2.4500      1.1169      4.5203    
  .23490E-08 -.44855E-05  .00000E+00  23097.      23392.      43634.    
  1410.7      10138.      6751.8      .15464E-07  .39153E-14  .11093E-12
 -5372.6      34429.      17728.     -.51486E-05  .28332E-13  .42033E-12
 -.25625      .22063      .35619E-01  .84505E-12  .21395E-18  .60615E-17
  .46001      2.0238      4.0066      .28977E-09 -.11077E-17  .13486E-16
    .098   -.156    .057    .000    .000    .000    .000    .000    .000
   -.156   1.032   -.876    .000    .000    .000    .000    .000    .000
    .057   -.876    .819    .000    .000    .000    .000    .000    .000
    .000    .000    .000    .306    .000    .000    .065    .000    .000
    .000    .000    .000    .000    .184    .000    .000    .004    .000
    .000    .000    .000    .000    .000   1.561    .000    .000   -.436

  .25000      2.5000      1.1315      4.5389    
  .92757E-08 -.43597E-05  .00000E+00  23913.      24216.      44639.    
  1384.4      10312.      6842.6     -.49225E-07 -.23447E-14  .41259E-13
 -5177.1      35302.      18308.     -.11410E-04  .28887E-13 -.71121E-12
 -.25866      .22290      .35756E-01 -.26552E-11 -.12647E-18  .22255E-17
  .44340      2.0354      4.0561     -.26187E-09 -.24973E-17 -.16771E-16
    .095   -.152    .058    .000    .000    .000    .000    .000    .000
   -.152   1.037   -.884    .000    .000    .000    .000    .000    .000
    .058   -.884    .827    .000    .000    .000    .000    .000    .000
    .000    .000    .000    .296    .000    .000    .064    .000    .000
    .000    .000    .000    .000    .179    .000    .000    .004    .000
    .000    .000    .000    .000    .000   1.566    .000    .000   -.450

  .25500      2.5500      1.1466      4.5575    
  .34737E-07 -.43107E-05  .00000E+00  24738.      25050.      45661.    
  1359.0      10491.      6936.3     -.26052E-07  .35779E-16  .33695E-13
 -4989.1      36186.      18904.     -.20008E-04  .71020E-13  .33529E-13
 -.26099      .22511      .35882E-01 -.13867E-11  .19045E-20  .17936E-17
  .42712      2.0468      4.1029      .47906E-10 -.12773E-17 -.26865E-16
    .091   -.149    .058    .000    .000    .000    .000    .000    .000
   -.149   1.041   -.892    .000    .000    .000    .000    .000    .000
    .058   -.892    .835    .000    .000    .000    .000    .000    .000
    .000    .000    .000    .288    .000    .000    .063    .000    .000
    .000    .000    .000    .000    .175    .000    .000    .003    .000
    .000    .000    .000    .000    .000   1.570    .000    .000   -.464

  .26000      2.6000      1.1622      4.5761    
  .16500E-07 -.42491E-05  .00000E+00  25573.      25894.      46700.    
  1334.6      10675.      7033.0     -.66008E-07 -.19383E-14  .15628E-12
 -4807.5      37081.      19515.     -.11657E-04 -.50106E-13  .32996E-12
 -.26325      .22725      .36000E-01 -.34664E-11 -.10179E-18  .82069E-17
  .41118      2.0580      4.1468     -.71510E-10  .11683E-18  .19502E-17
    .088   -.146    .058    .000    .000    .000    .000    .000    .000
   -.146   1.046   -.900    .000    .000    .000    .000    .000    .000
    .058   -.900    .843    .000    .000    .000    .000    .000    .000
    .000    .000    .000    .279    .000    .000    .061    .000    .000
    .000    .000    .000    .000    .170    .000    .000    .003    .000
    .000    .000    .000    .000    .000   1.574    .000    .000   -.478

  .26500      2.6500      1.1784      4.5948    
  .57219E-08 -.40885E-05  .00000E+00  26419.      26749.      47758.    
  1311.1      10863.      7132.7     -.17949E-06  .24115E-14  .11602E-13
 -4630.9      37985.      20144.     -.33611E-04  .33962E-13  .72164E-12
 -.26542      .22931      .36114E-01 -.92971E-11  .12491E-18  .60093E-18
  .39560      2.0689      4.1878     -.13506E-10  .46786E-18  .41001E-17
    .085   -.142    .057    .000    .000    .000    .000    .000    .000
   -.142   1.050   -.908    .000    .000    .000    .000    .000    .000
    .057   -.908    .851    .000    .000    .000    .000    .000    .000
    .000    .000    .000    .270    .000    .000    .060    .000    .000
    .000    .000    .000    .000    .166    .000    .000    .003    .000
    .000    .000    .000    .000    .000   1.578    .000    .000   -.492

  .27000      2.7000      1.1950      4.6135    
  .10549E-07 -.39355E-05  .00000E+00  27275.      27614.      48834.    
  1288.4      11055.      7235.6     -.22858E-06  .10430E-14  .27214E-13
 -4457.7      38895.      20791.     -.45252E-04 -.23901E-13  .13456E-12
 -.26753      .23130      .36224E-01 -.11675E-10  .53271E-19  .13900E-17
  .38038      2.0795      4.2258     -.15420E-09 -.77667E-18 -.56630E-16
    .082   -.139    .057    .000    .000    .000    .000    .000    .000
   -.139   1.055   -.916    .000    .000    .000    .000    .000    .000
    .057   -.916    .858    .000    .000    .000    .000    .000    .000
    .000    .000    .000    .262    .000    .000    .058    .000    .000
    .000    .000    .000    .000    .162    .000    .000    .003    .000
    .000    .000    .000    .000    .000   1.581    .000    .000   -.506

  .27500      2.7500      1.2122      4.6322    
  .52069E-08 -.38080E-05  .00000E+00  28142.      28490.      49928.    
  1266.6      11252.      7341.8     -.38500E-06 -.74793E-14  .94980E-13
 -4286.7      39811.      21456.     -.19678E-04  .36592E-13  .11822E-11
 -.26956      .23323      .36333E-01 -.19385E-10 -.37659E-18  .47823E-17
  .36552      2.0899      4.2608      .23121E-10 -.10508E-17  .28104E-16
    .079   -.136    .057    .000    .000    .000    .000    .000    .000
   -.136   1.059   -.923    .000    .000    .000    .000    .000    .000
    .057   -.923    .866    .000    .000    .000    .000    .000    .000
    .000    .000    .000    .253    .000    .000    .057    .000    .000
    .000    .000    .000    .000    .158    .000    .000    .003    .000
    .000    .000    .000    .000    .000   1.585    .000    .000   -.520

  .28000      2.8000      1.2299      4.6509    
  .27221E-07 -.37696E-05  .00000E+00  29019.      29377.      51041.    
  1245.6      11454.      7451.3     -.59513E-06 -.50062E-14 -.26992E-13
 -4116.4      40730.      22141.     -.20268E-04 -.14568E-13  .41167E-12
 -.27152      .23507      .36445E-01 -.29534E-10 -.24844E-18 -.13395E-17
  .35105      2.1000      4.2928      .10331E-09  .22456E-18 -.55765E-16
    .077   -.133    .057    .000    .000    .000    .000    .000    .000
   -.133   1.064   -.930    .000    .000    .000    .000    .000    .000
    .057   -.930    .874    .000    .000    .000    .000    .000    .000
    .000    .000    .000    .244    .000    .000    .055    .000    .000
    .000    .000    .000    .000    .154    .000    .000    .002    .000
    .000    .000    .000    .000    .000   1.587    .000    .000   -.533

  .28500      2.8500      1.2482      4.6696    
  .97765E-08 -.37394E-05  .00000E+00  29908.      30276.      52173.    
  1225.5      11660.      7564.3     -.83275E-06  .72494E-14  .64698E-13
 -3945.6      41649.      22848.     -.76157E-04  .37435E-14  .87641E-12
 -.27340      .23684      .36563E-01 -.40722E-10  .35450E-18  .31637E-17
  .33696      2.1099      4.3217      .70095E-10  .80544E-19  .18247E-16
    .074   -.131    .056    .000    .000    .000    .000    .000    .000
   -.131   1.068   -.938    .000    .000    .000    .000    .000    .000
    .056   -.938    .881    .000    .000    .000    .000    .000    .000
    .000    .000    .000    .236    .000    .000    .053    .000    .000
    .000    .000    .000    .000    .150    .000    .000    .002    .000
    .000    .000    .000    .000    .000   1.590    .000    .000   -.546

  .29000      2.9000      1.2670      4.6882    
  .35070E-07 -.36367E-05  .00000E+00  30807.      31184.      53323.    
  1206.3      11871.      7680.9     -.12136E-05 -.77575E-15  .62950E-13
 -3773.4      42567.      23576.     -.81184E-04 -.94751E-14 -.44631E-12
 -.27522      .23853      .36687E-01 -.58466E-10 -.37371E-19  .30326E-17
  .32325      2.1194      4.3476     -.93083E-10 -.21532E-17 -.16484E-16
    .072   -.128    .056    .000    .000    .000    .000    .000    .000
   -.128   1.073   -.945    .000    .000    .000    .000    .000    .000
    .056   -.945    .889    .000    .000    .000    .000    .000    .000
    .000    .000    .000    .227    .000    .000    .051    .000    .000
    .000    .000    .000    .000    .146    .000    .000    .002    .000
    .000    .000    .000    .000    .000   1.592    .000    .000   -.558

  .29500      2.9500      1.2863      4.7069    
  .62368E-07 -.34498E-05  .00000E+00  31717.      32104.      54491.    
  1187.9      12086.      7801.1     -.16522E-05  .17534E-14  .39163E-13
 -3599.1      43480.      24327.     -.78191E-04  .19911E-13  .69278E-13
 -.27697      .24015      .36823E-01 -.78394E-10  .83196E-19  .18583E-17
  .30995      2.1287      4.3706      .64154E-10  .26084E-18  .58674E-16
    .070   -.126    .055    .000    .000    .000    .000    .000    .000
   -.126   1.077   -.952    .000    .000    .000    .000    .000    .000
    .055   -.952    .897    .000    .000    .000    .000    .000    .000
    .000    .000    .000    .219    .000    .000    .049    .000    .000
    .000    .000    .000    .000    .143    .000    .000    .002    .000
    .000    .000    .000    .000    .000   1.594    .000    .000   -.571

  .30000      3.0000      1.3062      4.7255    
  .61776E-07 -.32173E-05  .00000E+00  32638.      33034.      55679.    
  1170.4      12306.      7925.1     -.21402E-05  .52025E-14 -.24286E-13
 -3422.4      44387.      25102.     -.88993E-04  .28874E-13 -.19540E-12
 -.27865      .24168      .36973E-01 -.10000E-09  .24309E-18 -.11348E-17
  .29704      2.1378      4.3906     -.18733E-09 -.14176E-17  .14012E-16
    .068   -.123    .055    .000    .000    .000    .000    .000    .000
   -.123   1.082   -.959    .000    .000    .000    .000    .000    .000
    .055   -.959    .904    .000    .000    .000    .000    .000    .000
    .000    .000    .000    .210    .000    .000    .047    .000    .000
    .000    .000    .000    .000    .139    .000    .000    .002    .000
    .000    .000    .000    .000    .000   1.596    .000    .000   -.583
