jmax,kmax  64  64 sfix   2.3 dUidxj   5.0    .0    .0    .0  -5.0    .0    .0    .0    .0 rot    .0    .0    .0
 88
 t beta kdk0 s
 con1 con2 con3  DkDt dkdt dkdtP
  uu vv ww   uv  uw vw 
  duu dvv dww   duv  duw dvw 
  b11 b22 b33  b12 b13 b23
  dispuu dispvv dispww dispuv dispuw dispvw 
  cs1111 cs1122 cs1133 cs1112 cs1113 cs1123  cw1112 cw1113 cw1123
  cs2211 cs2222 cs2233 cs2212 cs2213 cs2223  cw2212 cw2213 cw2223
  cs3311 cs3322 cs3333 cs3312 cs3313 cs3323  cw3312 cw3313 cw3323
  cs1211 cs1222 cs1233 cs1212 cs1213 cs1223  cw1212 cw1213 cw1223
  cs1311 cs1322 cs1333 cs1312 cs1313 cs1323  cw1312 cw1313 cw1323
  cs2311 cs2322 cs2333 cs2312 cs2313 cs2323  cw2312 cw2313 cw2323

  .00000E+00  .00000E+00  1.0000      2.3100    
  .11426E-13 -.79844E-05  .00000E+00  .00000E+00  .00000E+00  .00000E+00
  5461.2      5461.2      5461.5     -.37484E-13 -.17070E-14  .33222E-13
  .00000E+00  .00000E+00  .00000E+00  .00000E+00  .00000E+00  .00000E+00
 -.50966E-05 -.50970E-05  .10163E-04 -.22879E-17 -.10419E-18  .20277E-17
  1.3333      1.3333      1.3334     -.65494E-17 -.12841E-17  .11719E-17
    .533   -.267   -.267    .000    .000    .000    .000    .000    .000
   -.267    .533   -.267    .000    .000    .000    .000    .000    .000
   -.267   -.267    .533    .000    .000    .000    .000    .000    .000
    .000    .000    .000    .800    .000    .000    .000    .000    .000
    .000    .000    .000    .000    .800    .000    .000    .000    .000
    .000    .000    .000    .000    .000    .800    .000    .000    .000

  .50000E-02  .50000E-01  .97891      2.3089    
 -.37956E-08 -.79610E-05  .00000E+00 -34552.     -33658.      1074.6    
  5238.0      5452.9      5347.6      .18951E-09 -.10297E-13 -.74255E-14
 -43823.     -1532.6     -21961.      .85666E-07 -.54623E-13 -.10066E-12
 -.67436E-02  .66567E-02  .86932E-04  .11816E-13 -.64204E-18 -.46298E-18
  1.3198      1.3468      1.3354      .15043E-10 -.11249E-17  .89242E-17
    .518   -.267   -.252    .000    .000    .000    .000    .000    .000
   -.267    .549   -.282    .000    .000    .000    .000    .000    .000
   -.252   -.282    .534    .000    .000    .000    .000    .000    .000
    .000    .000    .000    .800    .000    .000    .000    .000    .000
    .000    .000    .000    .000    .777    .000    .000    .000    .000
    .000    .000    .000    .000    .000    .823    .000    .000    .000

  .10000E-01  .10000E+00  .95874      2.2886    
 -.15223E-08 -.79166E-05  .00000E+00 -33050.     -32203.      2114.6    
  5022.1      5445.1      5240.8      .62921E-10 -.68001E-15  .32181E-13
 -42369.     -1444.5     -20592.      .35748E-06 -.10059E-12  .12133E-12
 -.13615E-01  .13309E-01  .30630E-03  .40057E-14 -.43291E-19  .20487E-17
  1.3060      1.3605      1.3413     -.40831E-10  .10602E-19  .22658E-16
    .503   -.266   -.237    .000    .000    .000    .000    .000    .000
   -.266    .564   -.297    .000    .000    .000    .000    .000    .000
   -.237   -.297    .534    .000    .000    .000    .000    .000    .000
    .000    .000    .000    .798    .000    .000    .001    .000    .000
    .000    .000    .000    .000    .755    .000    .000    .001    .000
    .000    .000    .000    .000    .000    .846    .000    .000   -.001

  .15000E-01  .15000      .93945      2.2685    
 -.34688E-08 -.78382E-05  .00000E+00 -31607.     -30804.      3120.9    
  4813.5      5437.7      5140.7      .21934E-09  .19151E-14  .35200E-13
 -40929.     -1340.6     -19338.      .10972E-05 -.66613E-15  .36357E-12
 -.20602E-01  .19951E-01  .65136E-03  .14251E-13  .12442E-18  .22869E-17
  1.2918      1.3744      1.3510      .29030E-10  .96294E-18 -.15775E-16
    .488   -.266   -.222    .000    .000    .000    .000    .000    .000
   -.266    .579   -.313    .000    .000    .000    .000    .000    .000
   -.222   -.313    .535    .000    .000    .000    .000    .000    .000
    .000    .000    .000    .796    .000    .000    .003    .000    .000
    .000    .000    .000    .000    .733    .000    .000    .001    .000
    .000    .000    .000    .000    .000    .869    .000    .000   -.001

  .20000E-01  .20000      .92100      2.2486    
 -.95066E-08 -.78123E-05  .00000E+00 -30220.     -29459.      4094.1    
  4612.2      5431.0      5046.6     -.29599E-08 -.86042E-15 -.16461E-13
 -39505.     -1222.3     -18191.     -.26206E-05 -.97700E-14 -.23551E-13
 -.27684E-01  .26579E-01  .11045E-02 -.19615E-12 -.57020E-19 -.10909E-17
  1.2771      1.3886      1.3644     -.31607E-10 -.34948E-18  .91357E-17
    .474   -.265   -.208    .000    .000    .000    .000    .000    .000
   -.265    .594   -.328    .000    .000    .000    .000    .000    .000
   -.208   -.328    .537    .000    .000    .000    .000    .000    .000
    .000    .000    .000    .793    .000    .000    .005    .000    .000
    .000    .000    .000    .000    .712    .000    .000    .002    .000
    .000    .000    .000    .000    .000    .892    .000    .000   -.003

  .25000E-01  .25000      .90337      2.2288    
 -.15124E-07 -.77505E-05  .00000E+00 -28888.     -28168.      5035.0    
  4417.9      5424.9      4958.0     -.53141E-08  .22204E-14  .85669E-13
 -38098.     -1091.0     -17147.      .86047E-06 -.45741E-13 -.18194E-12
 -.34843E-01  .33195E-01  .16478E-02 -.35904E-12  .15002E-18  .57881E-17
  1.2621      1.4030      1.3812     -.72352E-10  .94514E-18 -.72960E-17
    .459   -.265   -.195    .000    .000    .000    .000    .000    .000
   -.265    .609   -.344    .000    .000    .000    .000    .000    .000
   -.195   -.344    .538    .000    .000    .000    .000    .000    .000
    .000    .000    .000    .789    .000    .000    .007    .000    .000
    .000    .000    .000    .000    .691    .000    .000    .003    .000
    .000    .000    .000    .000    .000    .915    .000    .000   -.005

  .30000E-01  .30000      .88652      2.2092    
 -.23752E-07 -.77549E-05  .00000E+00 -27610.     -26929.      5944.5    
  4230.7      5419.6      4874.5     -.77915E-08 -.92981E-14  .48460E-13
 -36710.     -947.92     -16199.     -.19724E-05 -.32641E-13 -.15632E-12
 -.42058E-01  .39795E-01  .22631E-02 -.53643E-12 -.64016E-18  .33363E-17
  1.2466      1.4176      1.4013     -.38191E-10  .14638E-17 -.99251E-17
    .445   -.264   -.181    .000    .000    .000    .000    .000    .000
   -.264    .623   -.359    .000    .000    .000    .000    .000    .000
   -.181   -.359    .540    .000    .000    .000    .000    .000    .000
    .000    .000    .000    .784    .000    .000    .010    .000    .000
    .000    .000    .000    .000    .670    .000    .000    .004    .000
    .000    .000    .000    .000    .000    .937    .000    .000   -.007

  .35000E-01  .35000      .87042      2.1898    
 -.98281E-08 -.76779E-05  .00000E+00 -26384.     -25740.      6823.2    
  4050.4      5415.0      4795.4     -.73212E-08 -.41911E-14 -.11413E-13
 -35342.     -794.56     -15343.     -.86121E-06 -.85265E-13  .29921E-13
 -.49311E-01  .46379E-01  .29319E-02 -.51338E-12 -.29389E-18 -.80028E-18
  1.2306      1.4324      1.4246      .46533E-10 -.26469E-18 -.84857E-17
    .431   -.263   -.168    .000    .000    .000    .000    .000    .000
   -.263    .638   -.375    .000    .000    .000    .000    .000    .000
   -.168   -.375    .543    .000    .000    .000    .000    .000    .000
    .000    .000    .000    .778    .000    .000    .014    .000    .000
    .000    .000    .000    .000    .650    .000    .000    .005    .000
    .000    .000    .000    .000    .000    .960    .000    .000   -.010

  .40000E-01  .40000      .85503      2.1705    
 -.68521E-08 -.75699E-05  .00000E+00 -25210.     -24600.      7671.9    
  3876.9      5411.3      4720.5     -.16772E-08  .34972E-14 -.31971E-13
 -33995.     -632.26     -14572.     -.22291E-05  .24425E-13  .12478E-12
 -.56583E-01  .52946E-01  .36361E-02 -.11972E-12  .24964E-18 -.22822E-17
  1.2141      1.4474      1.4509      .34477E-10 -.44777E-18  .10714E-16
    .418   -.262   -.156    .000    .000    .000    .000    .000    .000
   -.262    .652   -.390    .000    .000    .000    .000    .000    .000
   -.156   -.390    .545    .000    .000    .000    .000    .000    .000
    .000    .000    .000    .772    .000    .000    .018    .000    .000
    .000    .000    .000    .000    .630    .000    .000    .006    .000
    .000    .000    .000    .000    .000    .982    .000    .000   -.014

  .45000E-01  .45000      .84063      2.1855    
 -.62868E-08 -.74808E-05  .00000E+00 -23586.     -23017.      8493.0    
  3711.6      5410.2      4651.1     -.11059E-07 -.21649E-14 -.36847E-13
 -32396.     -109.73     -13528.     -.24072E-05  .65503E-13 -.19987E-12
 -.63847E-01  .59482E-01  .43644E-02 -.80294E-12 -.15719E-18 -.26753E-17
  1.1972      1.4625      1.4800      .77903E-10 -.75571E-18  .24563E-17
    .405   -.261   -.143    .000    .000    .000    .000    .000    .000
   -.261    .666   -.405    .000    .000    .000    .000    .000    .000
   -.143   -.405    .548    .000    .000    .000    .000    .000    .000
    .000    .000    .000    .765    .000    .000    .023    .000    .000
    .000    .000    .000    .000    .611    .000    .000    .007    .000
    .000    .000    .000    .000    .000   1.004    .000    .000   -.018

  .50000E-01  .50000      .82726      2.2092    
 -.35068E-08 -.73484E-05  .00000E+00 -21917.     -21387.      9288.5    
  3554.5      5412.2      4587.1     -.14250E-07 -.24217E-14  .73239E-13
 -30791.      494.00     -12478.      .36376E-05  .12046E-12  .37734E-13
 -.71083E-01  .65978E-01  .51047E-02 -.10514E-11 -.17867E-18  .54036E-17
  1.1798      1.4778      1.5118      .86958E-10 -.53857E-18 -.23640E-16
    .392   -.260   -.132    .000    .000    .000    .000    .000    .000
   -.260    .680   -.420    .000    .000    .000    .000    .000    .000
   -.132   -.420    .552    .000    .000    .000    .000    .000    .000
    .000    .000    .000    .757    .000    .000    .027    .000    .000
    .000    .000    .000    .000    .592    .000    .000    .008    .000
    .000    .000    .000    .000    .000   1.026    .000    .000   -.023

  .55000E-01  .55000      .81485      2.2330    
  .30178E-08 -.72923E-05  .00000E+00 -20328.     -19834.      10060.    
  3405.2      5417.1      4528.2     -.19660E-07  .15543E-14  .83560E-13
 -29253.      1089.1     -11505.      .97878E-06  .14988E-13 -.11283E-13
 -.78274E-01  .72429E-01  .58448E-02 -.14726E-11  .11642E-18  .62589E-17
  1.1619      1.4931      1.5461     -.15467E-10  .28482E-18 -.27939E-16
    .380   -.259   -.120    .000    .000    .000    .000    .000    .000
   -.259    .694   -.435    .000    .000    .000    .000    .000    .000
   -.120   -.435    .555    .000    .000    .000    .000    .000    .000
    .000    .000    .000    .749    .000    .000    .033    .000    .000
    .000    .000    .000    .000    .574    .000    .000    .009    .000
    .000    .000    .000    .000    .000   1.048    .000    .000   -.029

  .60000E-01  .60000      .80337      2.2568    
 -.48717E-08 -.71812E-05  .00000E+00 -18813.     -18353.      10808.    
  3263.4      5425.0      4474.0     -.16335E-07 -.33029E-14 -.27825E-14
 -27781.      1675.5     -10600.     -.25394E-05  .71831E-13 -.56510E-13
 -.85402E-01  .78828E-01  .65736E-02 -.12411E-11 -.25094E-18 -.21140E-18
  1.1437      1.5085      1.5828      .62586E-10  .65370E-18 -.18989E-16
    .368   -.258   -.109    .000    .000    .000    .000    .000    .000
   -.258    .708   -.450    .000    .000    .000    .000    .000    .000
   -.109   -.450    .559    .000    .000    .000    .000    .000    .000
    .000    .000    .000    .740    .000    .000    .038    .000    .000
    .000    .000    .000    .000    .557    .000    .000    .011    .000
    .000    .000    .000    .000    .000   1.069    .000    .000   -.035

  .65000E-01  .65000      .79277      2.2808    
 -.33969E-09 -.70310E-05  .00000E+00 -17368.     -16939.      11535.    
  3128.7      5435.8      4424.1     -.11942E-07 -.78410E-15 -.55968E-13
 -26372.      2253.4     -9758.0     -.23403E-05 -.14433E-13  .11990E-13
 -.92452E-01  .85171E-01  .72810E-02 -.91941E-12 -.60368E-19 -.43090E-17
  1.1250      1.5240      1.6217     -.13069E-10  .22651E-18 -.29302E-18
    .356   -.257   -.099    .000    .000    .000    .000    .000    .000
   -.257    .722   -.464    .000    .000    .000    .000    .000    .000
   -.099   -.464    .563    .000    .000    .000    .000    .000    .000
    .000    .000    .000    .730    .000    .000    .043    .000    .000
    .000    .000    .000    .000    .540    .000    .000    .011    .000
    .000    .000    .000    .000    .000   1.090    .000    .000   -.042

  .70000E-01  .70000      .78301      2.3049    
  .86664E-08 -.68844E-05  .00000E+00 -15989.     -15587.      12243.    
  3001.0      5449.5      4378.4     -.47878E-08  .91593E-15 -.17993E-13
 -25026.      2823.0     -8971.7     -.19269E-05 -.55178E-13 -.16527E-12
 -.99409E-01  .91451E-01  .79581E-02 -.37321E-12  .71397E-19 -.14026E-17
  1.1058      1.5394      1.6626     -.75107E-10 -.12981E-18 -.26920E-17
    .345   -.256   -.089    .000    .000    .000    .000    .000    .000
   -.256    .735   -.479    .000    .000    .000    .000    .000    .000
   -.089   -.479    .568    .000    .000    .000    .000    .000    .000
    .000    .000    .000    .720    .000    .000    .049    .000    .000
    .000    .000    .000    .000    .523    .000    .000    .012    .000
    .000    .000    .000    .000    .000   1.110    .000    .000   -.050

  .75000E-01  .75000      .77405      2.3290    
  .62025E-08 -.67437E-05  .00000E+00 -14671.     -14295.      12931.    
  2879.7      5465.9      4336.4     -.34818E-08  .35041E-15  .10620E-12
 -23739.      3384.6     -8235.7      .24310E-05 -.76383E-13  .32388E-12
 -.10626      .97664E-01  .85971E-02 -.27455E-12  .27631E-19  .83744E-17
  1.0863      1.5549      1.7055      .13511E-09  .97391E-19 -.18234E-16
    .334   -.255   -.079    .000    .000    .000    .000    .000    .000
   -.255    .748   -.493    .000    .000    .000    .000    .000    .000
   -.079   -.493    .572    .000    .000    .000    .000    .000    .000
    .000    .000    .000    .709    .000    .000    .054    .000    .000
    .000    .000    .000    .000    .507    .000    .000    .013    .000
    .000    .000    .000    .000    .000   1.130    .000    .000   -.059

  .80000E-01  .80000      .76587      2.3533    
  .10485E-07 -.67044E-05  .00000E+00 -13410.     -13059.      13602.    
  2764.8      5485.2      4298.0     -.42966E-08 -.19533E-14  .68753E-13
 -22511.      3938.5     -7544.9      .67466E-05  .27423E-13 -.32030E-13
 -.11300      .10380      .91912E-02 -.34241E-12 -.15567E-18  .54792E-17
  1.0664      1.5704      1.7500     -.11764E-09 -.27760E-18 -.11403E-16
    .323   -.254   -.070    .000    .000    .000    .000    .000    .000
   -.254    .761   -.507    .000    .000    .000    .000    .000    .000
   -.070   -.507    .577    .000    .000    .000    .000    .000    .000
    .000    .000    .000    .698    .000    .000    .060    .000    .000
    .000    .000    .000    .000    .491    .000    .000    .014    .000
    .000    .000    .000    .000    .000   1.149    .000    .000   -.068

  .85000E-01  .85000      .75842      2.3776    
  .21009E-07 -.65742E-05  .00000E+00 -12204.     -11874.      14257.    
  2655.8      5507.2      4262.9     -.47383E-08 -.34694E-16  .71313E-13
 -21339.      4485.2     -6894.4      .32579E-05  .25646E-13  .30698E-13
 -.11960      .10987      .97350E-02 -.38132E-12 -.27921E-20  .57390E-17
  1.0462      1.5859      1.7961     -.24415E-10  .83763E-19  .81309E-17
    .313   -.252   -.061    .000    .000    .000    .000    .000    .000
   -.252    .774   -.521    .000    .000    .000    .000    .000    .000
   -.061   -.521    .582    .000    .000    .000    .000    .000    .000
    .000    .000    .000    .687    .000    .000    .065    .000    .000
    .000    .000    .000    .000    .476    .000    .000    .015    .000
    .000    .000    .000    .000    .000   1.168    .000    .000   -.078

  .90000E-01  .90000      .75168      2.4021    
  .39631E-07 -.64515E-05  .00000E+00 -11048.     -10738.      14897.    
  2552.5      5531.9      4231.1     -.82005E-08  .29143E-15 -.38296E-13
 -20222.      5025.0     -6279.9      .82623E-06 -.46629E-13 -.16902E-12
 -.12607      .11585      .10224E-01 -.66587E-12  .23664E-19 -.31096E-17
  1.0256      1.6013      1.8435      .93528E-10  .41919E-18  .25248E-16
    .303   -.251   -.052    .000    .000    .000    .000    .000    .000
   -.251    .786   -.535    .000    .000    .000    .000    .000    .000
   -.052   -.535    .587    .000    .000    .000    .000    .000    .000
    .000    .000    .000    .676    .000    .000    .071    .000    .000
    .000    .000    .000    .000    .462    .000    .000    .015    .000
    .000    .000    .000    .000    .000   1.187    .000    .000   -.089

  .95000E-01  .95000      .74561      2.4266    
  .40686E-07 -.63089E-05  .00000E+00 -9940.2     -9648.1      15523.    
  2454.7      5559.2      4202.2     -.12494E-07 -.62797E-15 -.64766E-13
 -19157.      5558.5     -5697.5     -.16030E-05  .87708E-14  .11219E-12
 -.13240      .12174      .10654E-01 -.10228E-11 -.51405E-19 -.53017E-17
  1.0047      1.6167      1.8921      .88974E-10  .38625E-19  .85412E-17
    .294   -.250   -.044    .000    .000    .000    .000    .000    .000
   -.250    .798   -.548    .000    .000    .000    .000    .000    .000
   -.044   -.548    .592    .000    .000    .000    .000    .000    .000
    .000    .000    .000    .664    .000    .000    .076    .000    .000
    .000    .000    .000    .000    .448    .000    .000    .015    .000
    .000    .000    .000    .000    .000   1.204    .000    .000   -.100

  .10000      1.0000      .74019      2.4512    
  .44893E-07 -.61398E-05  .00000E+00 -8876.4     -8600.7      16136.    
  2362.0      5589.2      4176.1     -.13982E-07  .27756E-15  .12063E-12
 -18144.      6086.1     -5143.5     -.51448E-06  .88818E-14 -.17650E-12
 -.13857      .12755      .11023E-01 -.11530E-11  .22887E-19  .99474E-17
  .98356      1.6320      1.9417      .20499E-11  .61795E-19  .34579E-16
    .284   -.248   -.036    .000    .000    .000    .000    .000    .000
   -.248    .810   -.562    .000    .000    .000    .000    .000    .000
   -.036   -.562    .598    .000    .000    .000    .000    .000    .000
    .000    .000    .000    .652    .000    .000    .081    .000    .000
    .000    .000    .000    .000    .434    .000    .000    .016    .000
    .000    .000    .000    .000    .000   1.222    .000    .000   -.113

  .10500      1.0500      .73540      2.4760    
  .55797E-07 -.59813E-05  .00000E+00 -7853.8     -7593.1      16738.    
  2274.2      5621.8      4152.7     -.89361E-09  .16653E-15 -.44797E-13
 -17180.      6608.3     -4614.8      .66385E-05  .13878E-13 -.24462E-12
 -.14459      .13326      .11329E-01 -.74166E-13  .13822E-19 -.37180E-17
  .96216      1.6472      1.9921      .14492E-09  .22806E-18  .38597E-16
    .276   -.247   -.029    .000    .000    .000    .000    .000    .000
   -.247    .822   -.575    .000    .000    .000    .000    .000    .000
   -.029   -.575    .604    .000    .000    .000    .000    .000    .000
    .000    .000    .000    .639    .000    .000    .086    .000    .000
    .000    .000    .000    .000    .421    .000    .000    .016    .000
    .000    .000    .000    .000    .000   1.238    .000    .000   -.126

  .11000      1.1000      .73120      2.5008    
  .49380E-07 -.59048E-05  .00000E+00 -6870.1     -6622.8      17330.    
  2191.1      5657.0      4132.0     -.22038E-08  .34521E-15 -.52567E-13
 -16263.      7125.8     -4108.1      .16216E-05  .59508E-13  .31683E-13
 -.15044      .13887      .11571E-01 -.18395E-12  .28815E-19 -.43879E-17
  .94054      1.6623      2.0432     -.54222E-10  .61975E-19  .27033E-16
    .267   -.245   -.022    .000    .000    .000    .000    .000    .000
   -.245    .833   -.588    .000    .000    .000    .000    .000    .000
   -.022   -.588    .610    .000    .000    .000    .000    .000    .000
    .000    .000    .000    .627    .000    .000    .090    .000    .000
    .000    .000    .000    .000    .409    .000    .000    .016    .000
    .000    .000    .000    .000    .000   1.255    .000    .000   -.139

  .11500      1.1500      .72760      2.5277    
  .38376E-07 -.57821E-05  .00000E+00 -5904.0     -5668.9      17912.    
  2112.4      5694.8      4113.8      .81479E-08 -.24980E-15 -.73682E-13
 -15386.      7652.3     -3604.3      .29136E-05  .48794E-13  .15066E-12
 -.15613      .14438      .11751E-01  .68349E-12 -.20955E-19 -.61809E-17
  .91875      1.6773      2.0947      .94855E-10  .39756E-18  .22197E-16
    .259   -.244   -.015    .000    .000    .000    .000    .000    .000
   -.244    .844   -.601    .000    .000    .000    .000    .000    .000
   -.015   -.601    .616    .000    .000    .000    .000    .000    .000
    .000    .000    .000    .615    .000    .000    .095    .000    .000
    .000    .000    .000    .000    .397    .000    .000    .016    .000
    .000    .000    .000    .000    .000   1.270    .000    .000   -.154

  .12000      1.2000      .72457      2.5552    
  .46566E-07 -.56737E-05  .00000E+00 -4968.1     -4743.9      18486.    
  2038.1      5735.2      4098.0      .85345E-08  .10929E-15 -.13108E-13
 -14552.      8177.8     -3113.8      .62611E-05 -.37859E-13  .20609E-12
 -.16165      .14978      .11870E-01  .71892E-12  .92060E-20 -.11041E-17
  .89681      1.6921      2.1465     -.27440E-10 -.40799E-18  .23099E-16
    .251   -.242   -.009    .000    .000    .000    .000    .000    .000
   -.242    .855   -.613    .000    .000    .000    .000    .000    .000
   -.009   -.613    .622    .000    .000    .000    .000    .000    .000
    .000    .000    .000    .602    .000    .000    .099    .000    .000
    .000    .000    .000    .000    .385    .000    .000    .016    .000
    .000    .000    .000    .000    .000   1.285    .000    .000   -.168

  .12500      1.2500      .72209      2.5828    
  .51773E-07 -.55726E-05  .00000E+00 -4064.8     -3850.4      19053.    
  1967.7      5778.2      4084.7      .16826E-07  .64705E-15  .24657E-13
 -13762.      8699.4     -2638.3     -.35091E-05  .28005E-13 -.11655E-12
 -.16701      .15508      .11930E-01  .14222E-11  .54693E-19  .20842E-17
  .87476      1.7069      2.1984      .69478E-10  .31144E-18 -.59888E-16
    .243   -.240   -.003    .000    .000    .000    .000    .000    .000
   -.240    .866   -.626    .000    .000    .000    .000    .000    .000
   -.003   -.626    .628    .000    .000    .000    .000    .000    .000
    .000    .000    .000    .589    .000    .000    .102    .000    .000
    .000    .000    .000    .000    .374    .000    .000    .016    .000
    .000    .000    .000    .000    .000   1.300    .000    .000   -.184

  .13000      1.3000      .72014      2.6105    
  .48471E-07 -.54426E-05  .00000E+00 -3191.8     -2985.9      19613.    
  1901.2      5823.8      4073.7     -.36196E-08  .28796E-15  .20556E-14
 -13014.      9217.8     -2175.8      .69631E-05  .69444E-13  .20423E-12
 -.17220      .16026      .11932E-01 -.30677E-12  .24406E-19  .17423E-18
  .85263      1.7214      2.2503      .32176E-10  .37756E-18  .32593E-16
    .236   -.239    .003    .000    .000    .000    .000    .000    .000
   -.239    .876   -.638    .000    .000    .000    .000    .000    .000
    .003   -.638    .635    .000    .000    .000    .000    .000    .000
    .000    .000    .000    .577    .000    .000    .106    .000    .000
    .000    .000    .000    .000    .363    .000    .000    .016    .000
    .000    .000    .000    .000    .000   1.313    .000    .000   -.200

  .13500      1.3500      .71871      2.6382    
  .32830E-07 -.53299E-05  .00000E+00 -2346.9     -2148.4      20168.    
  1838.3      5872.0      4065.0     -.46464E-08  .96451E-15 -.39583E-13
 -12306.      9733.5     -1724.3      .97212E-06 -.86320E-14  .10761E-12
 -.17722      .16534      .11879E-01 -.39459E-12  .81909E-19 -.33615E-17
  .83046      1.7358      2.3019     -.21618E-10 -.41367E-18  .13038E-16
    .228   -.237    .009    .000    .000    .000    .000    .000    .000
   -.237    .887   -.650    .000    .000    .000    .000    .000    .000
    .009   -.650    .641    .000    .000    .000    .000    .000    .000
    .000    .000    .000    .564    .000    .000    .109    .000    .000
    .000    .000    .000    .000    .353    .000    .000    .016    .000
    .000    .000    .000    .000    .000   1.327    .000    .000   -.216

  .14000      1.4000      .71777      2.6660    
  .59850E-07 -.52301E-05  .00000E+00 -1527.7     -1335.8      20719.    
  1778.8      5922.7      4058.5     -.23997E-08 -.18215E-15  .38539E-13
 -11637.      10247.     -1282.0     -.33524E-05 -.80491E-15  .23989E-12
 -.18207      .17030      .11775E-01 -.20405E-12 -.15489E-19  .32771E-17
  .80828      1.7501      2.3530      .16649E-09 -.98183E-18 -.31670E-16
    .221   -.235    .014    .000    .000    .000    .000    .000    .000
   -.235    .897   -.662    .000    .000    .000    .000    .000    .000
    .014   -.662    .648    .000    .000    .000    .000    .000    .000
    .000    .000    .000    .552    .000    .000    .111    .000    .000
    .000    .000    .000    .000    .343    .000    .000    .016    .000
    .000    .000    .000    .000    .000   1.339    .000    .000   -.233

  .14500      1.4500      .71733      2.6939    
  .70174E-07 -.50850E-05  .00000E+00 -732.62     -546.20      21267.    
  1722.6      5976.0      4054.2     -.31167E-08 -.17347E-17 -.76076E-13
 -11004.      10759.     -847.34     -.63361E-05 -.29809E-13 -.30004E-13
 -.18677      .17514      .11622E-01 -.26519E-12 -.14760E-21 -.64731E-17
  .78612      1.7641      2.4036      .20891E-09  .57565E-18 -.12279E-16
    .215   -.233    .018    .000    .000    .000    .000    .000    .000
   -.233    .906   -.673    .000    .000    .000    .000    .000    .000
    .018   -.673    .655    .000    .000    .000    .000    .000    .000
    .000    .000    .000    .540    .000    .000    .114    .000    .000
    .000    .000    .000    .000    .333    .000    .000    .016    .000
    .000    .000    .000    .000    .000   1.352    .000    .000   -.251

  .15000      1.5000      .71735      2.7219    
  .77136E-07 -.49458E-05  .00000E+00  40.430      222.31      21812.    
  1669.4      6031.8      4052.0      .10278E-07 -.26324E-14  .76363E-14
 -10407.      11271.     -418.73      .10006E-04 -.16126E-13  .14544E-12
 -.19130      .17987      .11424E-01  .87448E-12 -.22398E-18  .64972E-18
  .76402      1.7780      2.4535     -.77273E-10 -.50980E-18 -.48813E-16
    .208   -.231    .023    .000    .000    .000    .000    .000    .000
   -.231    .915   -.685    .000    .000    .000    .000    .000    .000
    .023   -.685    .662    .000    .000    .000    .000    .000    .000
    .000    .000    .000    .527    .000    .000    .116    .000    .000
    .000    .000    .000    .000    .324    .000    .000    .015    .000
    .000    .000    .000    .000    .000   1.363    .000    .000   -.268

  .15500      1.5500      .71784      2.7500    
  .86195E-07 -.48347E-05  .00000E+00  793.46      971.43      22355.    
  1619.0      6090.1      4051.9      .23531E-07  .15977E-14  .27492E-13
 -9844.0      11782.      5.1866     -.74252E-06 -.36943E-13  .53485E-13
 -.19567      .18449      .11185E-01  .20008E-11  .13585E-18  .23375E-17
  .74201      1.7917      2.5024      .18906E-09 -.56403E-18  .60911E-17
    .202   -.229    .027    .000    .000    .000    .000    .000    .000
   -.229    .925   -.696    .000    .000    .000    .000    .000    .000
    .027   -.696    .669    .000    .000    .000    .000    .000    .000
    .000    .000    .000    .515    .000    .000    .118    .000    .000
    .000    .000    .000    .000    .315    .000    .000    .015    .000
    .000    .000    .000    .000    .000   1.374    .000    .000   -.286

  .16000      1.6000      .71877      2.7781    
  .74019E-07 -.47027E-05  .00000E+00  1527.7      1702.8      22898.    
  1571.4      6151.0      4053.9      .43670E-07 -.35302E-15  .24467E-13
 -9312.7      12293.      425.65      .48019E-05  .24383E-13 -.34209E-12
 -.19989      .18898      .10910E-01  .37083E-11 -.29977E-19  .20776E-17
  .72011      1.8051      2.5503     -.37818E-10 -.14289E-18  .17335E-17
    .195   -.226    .031    .000    .000    .000    .000    .000    .000
   -.226    .933   -.707    .000    .000    .000    .000    .000    .000
    .031   -.707    .676    .000    .000    .000    .000    .000    .000
    .000    .000    .000    .503    .000    .000    .119    .000    .000
    .000    .000    .000    .000    .307    .000    .000    .014    .000
    .000    .000    .000    .000    .000   1.385    .000    .000   -.305

  .16500      1.6500      .72014      2.8063    
  .83563E-07 -.46066E-05  .00000E+00  2245.2      2418.0      23440.    
  1526.4      6214.3      4058.0      .37136E-07  .18102E-14  .10045E-12
 -8812.2      12804.      843.84      .63682E-05  .31641E-14 -.17686E-12
 -.20396      .19336      .10603E-01  .31474E-11  .15342E-18  .85134E-17
  .69836      1.8183      2.5969      .66132E-10  .64309E-18  .10732E-16
    .189   -.224    .034    .000    .000    .000    .000    .000    .000
   -.224    .942   -.718    .000    .000    .000    .000    .000    .000
    .034   -.718    .684    .000    .000    .000    .000    .000    .000
    .000    .000    .000    .492    .000    .000    .120    .000    .000
    .000    .000    .000    .000    .299    .000    .000    .014    .000
    .000    .000    .000    .000    .000   1.395    .000    .000   -.323

  .17000      1.7000      .72194      2.8346    
  .90651E-07 -.44478E-05  .00000E+00  2947.2      3118.5      23983.    
  1483.8      6280.3      4064.2      .55707E-07 -.32162E-14 -.31503E-13
 -8340.8      13317.      1260.8      .48722E-05 -.14502E-13 -.37625E-12
 -.20789      .19762      .10267E-01  .47097E-11 -.27191E-18 -.26633E-17
  .67679      1.8313      2.6421      .16658E-09 -.18890E-18  .22167E-16
    .184   -.221    .038    .000    .000    .000    .000    .000    .000
   -.221    .950   -.729    .000    .000    .000    .000    .000    .000
    .038   -.729    .691    .000    .000    .000    .000    .000    .000
    .000    .000    .000    .480    .000    .000    .121    .000    .000
    .000    .000    .000    .000    .291    .000    .000    .014    .000
    .000    .000    .000    .000    .000   1.404    .000    .000   -.342

  .17500      1.7500      .72416      2.8629    
  .89107E-07 -.43692E-05  .00000E+00  3635.3      3805.7      24527.    
  1443.4      6348.8      4072.4      .44024E-07  .66006E-15  .73306E-13
 -7897.2      13831.      1677.5     -.54404E-05 -.22621E-13  .37453E-12
 -.21168      .20177      .99081E-02  .37105E-11  .55633E-19  .61786E-17
  .65543      1.8441      2.6859      .16776E-10 -.10527E-18  .35254E-16
    .178   -.219    .041    .000    .000    .000    .000    .000    .000
   -.219    .958   -.739    .000    .000    .000    .000    .000    .000
    .041   -.739    .699    .000    .000    .000    .000    .000    .000
    .000    .000    .000    .468    .000    .000    .121    .000    .000
    .000    .000    .000    .000    .283    .000    .000    .013    .000
    .000    .000    .000    .000    .000   1.413    .000    .000   -.361

  .18000      1.8000      .72679      2.8913    
  .92941E-07 -.42597E-05  .00000E+00  4310.7      4481.0      25073.    
  1405.2      6419.8      4082.7      .51342E-07  .63144E-15  .99018E-14
 -7480.1      14347.      2094.9     -.44669E-05  .19540E-13  .12607E-12
 -.21533      .20580      .95302E-02  .43116E-11  .53028E-19  .83155E-18
  .63430      1.8566      2.7280      .10772E-09  .91429E-18 -.48825E-16
    .173   -.216    .044    .000    .000    .000    .000    .000    .000
   -.216    .966   -.750    .000    .000    .000    .000    .000    .000
    .044   -.750    .706    .000    .000    .000    .000    .000    .000
    .000    .000    .000    .457    .000    .000    .122    .000    .000
    .000    .000    .000    .000    .276    .000    .000    .013    .000
    .000    .000    .000    .000    .000   1.422    .000    .000   -.380

  .18500      1.8500      .72984      2.9240    
  .83781E-07 -.41463E-05  .00000E+00  5004.9      5175.3      25623.    
  1369.0      6493.5      4095.2      .64915E-07 -.12716E-14 -.36332E-13
 -7081.5      14887.      2545.1     -.27211E-05  .16945E-13  .32196E-12
 -.21885      .20971      .91422E-02  .54287E-11 -.10634E-18 -.30384E-17
  .61345      1.8689      2.7685      .21137E-09 -.46916E-18  .97244E-17
    .167   -.214    .046    .000    .000    .000    .000    .000    .000
   -.214    .974   -.760    .000    .000    .000    .000    .000    .000
    .046   -.760    .714    .000    .000    .000    .000    .000    .000
    .000    .000    .000    .446    .000    .000    .121    .000    .000
    .000    .000    .000    .000    .269    .000    .000    .012    .000
    .000    .000    .000    .000    .000   1.430    .000    .000   -.399

  .19000      1.9000      .73331      2.9568    
  .63678E-07 -.41126E-05  .00000E+00  5687.7      5859.0      26176.    
  1334.7      6569.9      4110.0      .10293E-06 -.24733E-14  .37897E-13
 -6707.8      15429.      2996.8     -.21595E-05  .73413E-14 -.67113E-13
 -.22224      .21349      .87487E-02  .85674E-11 -.20586E-18  .31542E-17
  .59289      1.8809      2.8071      .30350E-10  .11707E-17 -.40286E-16
    .162   -.211    .049    .000    .000    .000    .000    .000    .000
   -.211    .981   -.770    .000    .000    .000    .000    .000    .000
    .049   -.770    .721    .000    .000    .000    .000    .000    .000
    .000    .000    .000    .435    .000    .000    .121    .000    .000
    .000    .000    .000    .000    .262    .000    .000    .012    .000
    .000    .000    .000    .000    .000   1.438    .000    .000   -.418

  .19500      1.9500      .73720      2.9896    
  .63371E-07 -.39633E-05  .00000E+00  6360.9      6533.4      26734.    
  1302.2      6649.0      4127.0      .13129E-06  .38121E-14  .69146E-14
 -6357.8      15974.      3450.8     -.48459E-05  .11727E-14 -.12851E-12
 -.22552      .21716      .83539E-02  .10870E-10  .31561E-18  .57249E-18
  .57266      1.8927      2.8440      .39043E-10 -.20104E-17 -.15070E-16
    .157   -.208    .051    .000    .000    .000    .000    .000    .000
   -.208    .988   -.780    .000    .000    .000    .000    .000    .000
    .051   -.780    .729    .000    .000    .000    .000    .000    .000
    .000    .000    .000    .424    .000    .000    .120    .000    .000
    .000    .000    .000    .000    .256    .000    .000    .011    .000
    .000    .000    .000    .000    .000   1.446    .000    .000   -.437

  .20000      2.0000      .74148      3.0225    
  .65471E-07 -.39114E-05  .00000E+00  7025.5      7199.8      27297.    
  1271.5      6730.8      4146.2      .12393E-06 -.16194E-14  .39961E-13
 -6030.0      16522.      3907.7     -.13073E-06  .25389E-13 -.13500E-12
 -.22867      .22071      .79620E-02  .10201E-10 -.13330E-18  .32894E-17
  .55277      1.9042      2.8789     -.11751E-09 -.18270E-17 -.55523E-16
    .152   -.205    .053    .000    .000    .000    .000    .000    .000
   -.205    .995   -.790    .000    .000    .000    .000    .000    .000
    .053   -.790    .737    .000    .000    .000    .000    .000    .000
    .000    .000    .000    .414    .000    .000    .120    .000    .000
    .000    .000    .000    .000    .249    .000    .000    .011    .000
    .000    .000    .000    .000    .000   1.453    .000    .000   -.456

  .20500      2.0500      .74617      3.0554    
  .52252E-07 -.38310E-05  .00000E+00  7682.6      7859.2      27866.    
  1242.2      6815.3      4167.7      .10574E-06 -.33515E-14  .34070E-14
 -5723.3      17073.      4368.3     -.43016E-05  .37817E-14 -.19257E-12
 -.23172      .22414      .75770E-02  .86496E-11 -.27414E-18  .27868E-18
  .53324      1.9154      2.9118     -.21734E-09 -.51565E-18 -.55737E-17
    .147   -.202    .055    .000    .000    .000    .000    .000    .000
   -.202   1.001   -.799    .000    .000    .000    .000    .000    .000
    .055   -.799    .745    .000    .000    .000    .000    .000    .000
    .000    .000    .000    .404    .000    .000    .118    .000    .000
    .000    .000    .000    .000    .243    .000    .000    .010    .000
    .000    .000    .000    .000    .000   1.460    .000    .000   -.475

  .21000      2.1000      .75126      3.0883    
  .56340E-07 -.37064E-05  .00000E+00  8333.6      8512.7      28441.    
  1214.5      6902.6      4191.5      .96394E-07  .86086E-15 -.94279E-13
 -5436.4      17629.      4833.1     -.83795E-06 -.33119E-13  .39335E-12
 -.23466      .22746      .72026E-02  .78314E-11  .69939E-19 -.76596E-17
  .51409      1.9263      2.9426      .40257E-10  .21556E-17 -.37047E-16
    .143   -.199    .056    .000    .000    .000    .000    .000    .000
   -.199   1.008   -.809    .000    .000    .000    .000    .000    .000
    .056   -.809    .753    .000    .000    .000    .000    .000    .000
    .000    .000    .000    .393    .000    .000    .117    .000    .000
    .000    .000    .000    .000    .237    .000    .000    .010    .000
    .000    .000    .000    .000    .000   1.466    .000    .000   -.494

  .21500      2.1500      .75674      3.1212    
  .55821E-07 -.36079E-05  .00000E+00  8979.1      9161.4      29023.    
  1188.1      6992.7      4217.6      .95670E-07 -.17477E-15 -.12673E-12
 -5168.2      18188.      5302.6      .19390E-05 -.36027E-13 -.37098E-12
 -.23751      .23066      .68426E-02  .77163E-11 -.14096E-19 -.10222E-16
  .49533      1.9369      2.9713     -.74458E-10  .20703E-17 -.17005E-16
    .138   -.196    .058    .000    .000    .000    .000    .000    .000
   -.196   1.014   -.818    .000    .000    .000    .000    .000    .000
    .058   -.818    .761    .000    .000    .000    .000    .000    .000
    .000    .000    .000    .384    .000    .000    .116    .000    .000
    .000    .000    .000    .000    .232    .000    .000    .009    .000
    .000    .000    .000    .000    .000   1.472    .000    .000   -.513

  .22000      2.2000      .76261      3.1542    
  .45924E-07 -.35203E-05  .00000E+00  9620.6      9806.1      29612.    
  1163.0      7085.5      4246.1      .61322E-07  .15751E-14 -.13005E-12
 -4917.5      18752.      5777.3     -.11636E-04  .12455E-13  .55422E-12
 -.24025      .23375      .65002E-02  .49079E-11  .12606E-18 -.10408E-16
  .47699      1.9473      2.9979      .13156E-09  .51772E-18 -.26244E-16
    .134   -.193    .059    .000    .000    .000    .000    .000    .000
   -.193   1.020   -.827    .000    .000    .000    .000    .000    .000
    .059   -.827    .768    .000    .000    .000    .000    .000    .000
    .000    .000    .000    .374    .000    .000    .114    .000    .000
    .000    .000    .000    .000    .226    .000    .000    .009    .000
    .000    .000    .000    .000    .000   1.478    .000    .000   -.531

  .22500      2.2500      .76887      3.1872    
  .40554E-07 -.34078E-05  .00000E+00  10259.      10448.      30210.    
  1139.1      7181.2      4276.9      .32101E-07 -.32366E-14 -.12892E-12
 -4683.2      19321.      6257.7     -.38993E-05 -.45519E-13  .72298E-12
 -.24291      .23673      .61787E-02  .25483E-11 -.25693E-18 -.10234E-16
  .45908      1.9573      3.0224      .10752E-09  .49175E-18 -.20574E-16
    .130   -.189    .060    .000    .000    .000    .000    .000    .000
   -.189   1.026   -.836    .000    .000    .000    .000    .000    .000
    .060   -.836    .776    .000    .000    .000    .000    .000    .000
    .000    .000    .000    .364    .000    .000    .112    .000    .000
    .000    .000    .000    .000    .221    .000    .000    .008    .000
    .000    .000    .000    .000    .000   1.483    .000    .000   -.549

  .23000      2.3000      .77552      3.2202    
  .17434E-07 -.33385E-05  .00000E+00  10894.      11088.      30816.    
  1116.4      7279.7      4310.1      .18570E-07  .23328E-14 -.26631E-13
 -4464.2      19895.      6744.1     -.13497E-05 -.11657E-14 -.13467E-12
 -.24547      .23959      .58810E-02  .14615E-11  .18359E-18 -.20959E-17
  .44161      1.9671      3.0447     -.36142E-10  .16528E-17  .85636E-16
    .125   -.186    .061    .000    .000    .000    .000    .000    .000
   -.186   1.031   -.845    .000    .000    .000    .000    .000    .000
    .061   -.845    .784    .000    .000    .000    .000    .000    .000
    .000    .000    .000    .355    .000    .000    .110    .000    .000
    .000    .000    .000    .000    .216    .000    .000    .008    .000
    .000    .000    .000    .000    .000   1.489    .000    .000   -.567

  .23500      2.3500      .78256      3.2532    
  .12003E-07 -.31494E-05  .00000E+00  11528.      11726.      31432.    
  1094.7      7381.0      4345.7      .94712E-08 -.48898E-15 -.85328E-13
 -4259.3      20474.      7237.1     -.21696E-04  .13642E-13 -.49427E-12
 -.24795      .24234      .56099E-02  .73870E-12 -.38137E-19 -.66551E-17
  .42458      1.9765      3.0649      .16312E-09 -.12951E-17 -.10139E-15
    .121   -.183    .062    .000    .000    .000    .000    .000    .000
   -.183   1.037   -.854    .000    .000    .000    .000    .000    .000
    .062   -.854    .792    .000    .000    .000    .000    .000    .000
    .000    .000    .000    .346    .000    .000    .108    .000    .000
    .000    .000    .000    .000    .211    .000    .000    .008    .000
    .000    .000    .000    .000    .000   1.494    .000    .000   -.585

  .24000      2.4000      .78998      3.2862    
  .40997E-09 -.30836E-05  .00000E+00  12162.      12363.      32057.    
  1074.0      7485.3      4383.8      .33433E-07 -.20053E-14  .63005E-14
 -4067.3      21057.      7737.0      .16024E-05  .59362E-14  .21760E-13
 -.25036      .24499      .53679E-02  .25831E-11 -.15494E-18  .48679E-18
  .40801      1.9857      3.0830     -.18802E-10  .78078E-18 -.50103E-16
    .117   -.180    .062    .000    .000    .000    .000    .000    .000
   -.180   1.042   -.862    .000    .000    .000    .000    .000    .000
    .062   -.862    .800    .000    .000    .000    .000    .000    .000
    .000    .000    .000    .337    .000    .000    .106    .000    .000
    .000    .000    .000    .000    .206    .000    .000    .007    .000
    .000    .000    .000    .000    .000   1.499    .000    .000   -.602

  .24500      2.4500      .79779      3.3192    
 -.20308E-08 -.29313E-05  .00000E+00  12795.      13001.      32691.    
  1054.2      7592.4      4424.4      .19495E-07 -.26389E-14 -.15161E-12
 -3887.1      21645.      8244.2     -.54347E-05 -.13968E-13  .13567E-12
 -.25268      .24753      .51573E-02  .14914E-11 -.20189E-18 -.11599E-16
  .39191      1.9945      3.0991      .30906E-09 -.44161E-18 -.22903E-16
    .114   -.176    .063    .000    .000    .000    .000    .000    .000
   -.176   1.047   -.871    .000    .000    .000    .000    .000    .000
    .063   -.871    .808    .000    .000    .000    .000    .000    .000
    .000    .000    .000    .328    .000    .000    .104    .000    .000
    .000    .000    .000    .000    .201    .000    .000    .007    .000
    .000    .000    .000    .000    .000   1.503    .000    .000   -.619

  .25000      2.5000      .80599      3.3521    
  .47917E-08 -.28299E-05  .00000E+00  13429.      13640.      33337.    
  1035.2      7702.5      4467.5     -.35610E-07 -.11907E-14 -.14490E-12
 -3717.3      22238.      8759.0     -.94047E-05  .68383E-14  .13378E-12
 -.25494      .24996      .49803E-02 -.26967E-11 -.90166E-19 -.10973E-16
  .37628      2.0030      3.1131     -.26703E-09 -.16993E-17 -.18427E-16
    .110   -.173    .063    .000    .000    .000    .000    .000    .000
   -.173   1.052   -.879    .000    .000    .000    .000    .000    .000
    .063   -.879    .816    .000    .000    .000    .000    .000    .000
    .000    .000    .000    .319    .000    .000    .101    .000    .000
    .000    .000    .000    .000    .196    .000    .000    .006    .000
    .000    .000    .000    .000    .000   1.508    .000    .000   -.635

  .25500      2.5500      .81457      3.3851    
  .25187E-07 -.27816E-05  .00000E+00  14064.      14279.      33992.    
  1017.1      7815.6      4513.2     -.17508E-07 -.21027E-14  .43021E-13
 -3556.6      22834.      9281.7     -.16614E-04  .50793E-14 -.25024E-12
 -.25712      .25228      .48386E-02 -.13119E-11 -.15755E-18  .32235E-17
  .36112      2.0112      3.1252      .55698E-10 -.13501E-17 -.15296E-16
    .106   -.170    .063    .000    .000    .000    .000    .000    .000
   -.170   1.056   -.887    .000    .000    .000    .000    .000    .000
    .063   -.887    .824    .000    .000    .000    .000    .000    .000
    .000    .000    .000    .310    .000    .000    .099    .000    .000
    .000    .000    .000    .000    .192    .000    .000    .006    .000
    .000    .000    .000    .000    .000   1.512    .000    .000   -.651

  .26000      2.6000      .82354      3.4180    
  .92272E-08 -.27281E-05  .00000E+00  14700.      14921.      34659.    
  999.79      7931.6      4561.5     -.51696E-07  .55583E-14 -.17472E-13
 -3403.5      23432.      9812.9     -.87810E-05  .35597E-13 -.46407E-13
 -.25924      .25450      .47342E-02 -.38313E-11  .41194E-18 -.12949E-17
  .34644      2.0191      3.1355     -.75308E-10 -.18816E-17  .17053E-16
    .103   -.166    .063    .000    .000    .000    .000    .000    .000
   -.166   1.061   -.895    .000    .000    .000    .000    .000    .000
    .063   -.895    .831    .000    .000    .000    .000    .000    .000
    .000    .000    .000    .302    .000    .000    .096    .000    .000
    .000    .000    .000    .000    .187    .000    .000    .006    .000
    .000    .000    .000    .000    .000   1.516    .000    .000   -.667

  .26500      2.6500      .83291      3.4508    
  .54488E-09 -.26034E-05  .00000E+00  15339.      15565.      35337.    
  983.20      8050.7      4612.5     -.14561E-06  .58716E-14 -.28588E-14
 -3256.7      24033.      10353.     -.28291E-04 -.19679E-13 -.67901E-12
 -.26128      .25662      .46686E-02 -.10671E-10  .43027E-18 -.20949E-18
  .33224      2.0267      3.1441     -.93955E-11 -.65588E-18 -.60062E-16
    .100   -.163    .063    .000    .000    .000    .000    .000    .000
   -.163   1.065   -.902    .000    .000    .000    .000    .000    .000
    .063   -.902    .839    .000    .000    .000    .000    .000    .000
    .000    .000    .000    .293    .000    .000    .094    .000    .000
    .000    .000    .000    .000    .183    .000    .000    .005    .000
    .000    .000    .000    .000    .000   1.520    .000    .000   -.682

  .27000      2.7000      .84266      3.4836    
  .36518E-08 -.24816E-05  .00000E+00  15981.      16211.      36027.    
  967.33      8172.7      4666.2     -.18840E-06 -.18892E-14 -.99365E-14
 -3114.6      24634.      10902.     -.37935E-04  .12927E-13 -.96700E-13
 -.26327      .25863      .46433E-02 -.13646E-10 -.13684E-18 -.71972E-18
  .31852      2.0340      3.1510     -.18759E-09  .44093E-18  .74923E-16
    .097   -.160    .063    .000    .000    .000    .000    .000    .000
   -.160   1.070   -.910    .000    .000    .000    .000    .000    .000
    .063   -.910    .847    .000    .000    .000    .000    .000    .000
    .000    .000    .000    .285    .000    .000    .091    .000    .000
    .000    .000    .000    .000    .179    .000    .000    .005    .000
    .000    .000    .000    .000    .000   1.524    .000    .000   -.697

  .27500      2.7500      .85281      3.5163    
 -.55604E-09 -.23809E-05  .00000E+00  16625.      16860.      36728.    
  952.15      8297.7      4722.6     -.32209E-06 -.32092E-16 -.23787E-13
 -2975.9      25234.      11461.     -.17459E-04 -.27523E-13  .11835E-12
 -.26519      .26053      .46597E-02 -.23052E-10 -.22968E-20 -.17024E-17
  .30527      2.0410      3.1565      .22736E-10  .35975E-17  .72919E-16
    .094   -.157    .063    .000    .000    .000    .000    .000    .000
   -.157   1.074   -.917    .000    .000    .000    .000    .000    .000
    .063   -.917    .854    .000    .000    .000    .000    .000    .000
    .000    .000    .000    .276    .000    .000    .088    .000    .000
    .000    .000    .000    .000    .175    .000    .000    .005    .000
    .000    .000    .000    .000    .000   1.527    .000    .000   -.711

  .28000      2.8000      .86335      3.5490    
  .18510E-07 -.23483E-05  .00000E+00  17273.      17512.      37440.    
  937.66      8425.7      4781.8     -.50221E-06 -.60892E-14  .14017E-13
 -2839.1      25832.      12030.     -.16982E-04  .29775E-13  .11724E-12
 -.26704      .26233      .47193E-02 -.35504E-10 -.43048E-18  .99091E-18
  .29251      2.0477      3.1605      .10045E-09  .43291E-19  .14422E-16
    .091   -.154    .063    .000    .000    .000    .000    .000    .000
   -.154   1.079   -.925    .000    .000    .000    .000    .000    .000
    .063   -.925    .862    .000    .000    .000    .000    .000    .000
    .000    .000    .000    .268    .000    .000    .085    .000    .000
    .000    .000    .000    .000    .171    .000    .000    .004    .000
    .000    .000    .000    .000    .000   1.530    .000    .000   -.725

  .28500      2.8500      .87429      3.5816    
  .42349E-08 -.23291E-05  .00000E+00  17923.      18167.      38164.    
  923.85      8556.6      4843.9     -.70457E-06 -.23602E-14  .40107E-13
 -2703.1      26427.      12610.     -.64868E-04 -.76172E-14  .91482E-13
 -.26884      .26401      .48233E-02 -.49187E-10 -.16477E-18  .27999E-17
  .28021      2.0541      3.1633      .75554E-10 -.42177E-18 -.26112E-16
    .088   -.151    .063    .000    .000    .000    .000    .000    .000
   -.151   1.083   -.932    .000    .000    .000    .000    .000    .000
    .063   -.932    .869    .000    .000    .000    .000    .000    .000
    .000    .000    .000    .259    .000    .000    .082    .000    .000
    .000    .000    .000    .000    .167    .000    .000    .004    .000
    .000    .000    .000    .000    .000   1.534    .000    .000   -.738

  .29000      2.9000      .88563      3.6141    
  .24496E-07 -.22470E-05  .00000E+00  18578.      18825.      38899.    
  910.72      8690.5      4908.9     -.10306E-05  .46682E-14 -.31031E-13
 -2566.9      27015.      13202.     -.68392E-04 -.33029E-14  .16764E-12
 -.27057      .26560      .49732E-02 -.71025E-10  .32172E-18 -.21386E-17
  .26837      2.0601      3.1650     -.90776E-10  .15937E-17  .10619E-15
    .086   -.148    .062    .000    .000    .000    .000    .000    .000
   -.148   1.088   -.939    .000    .000    .000    .000    .000    .000
    .062   -.939    .877    .000    .000    .000    .000    .000    .000
    .000    .000    .000    .250    .000    .000    .079    .000    .000
    .000    .000    .000    .000    .163    .000    .000    .004    .000
    .000    .000    .000    .000    .000   1.536    .000    .000   -.750

  .29500      2.9500      .89737      3.6466    
  .47099E-07 -.21142E-05  .00000E+00  19235.      19486.      39646.    
  898.26      8827.4      4976.8     -.14048E-05 -.75287E-15  .24980E-14
 -2429.8      27597.      13805.     -.66932E-04 -.15904E-13 -.12299E-11
 -.27224      .26707      .51703E-02 -.95548E-10 -.51207E-19  .16990E-18
  .25699      2.0660      3.1657      .69385E-10 -.52116E-18 -.15286E-15
    .084   -.146    .062    .000    .000    .000    .000    .000    .000
   -.146   1.092   -.946    .000    .000    .000    .000    .000    .000
    .062   -.946    .884    .000    .000    .000    .000    .000    .000
    .000    .000    .000    .241    .000    .000    .076    .000    .000
    .000    .000    .000    .000    .160    .000    .000    .004    .000
    .000    .000    .000    .000    .000   1.539    .000    .000   -.763

  .30000      3.0000      .90951      3.6789    
  .46435E-07 -.19574E-05  .00000E+00  19896.      20150.      40403.    
  886.49      8967.1      5047.9     -.18210E-05  .38645E-14  .90192E-13
 -2291.4      28170.      14422.     -.75726E-04 -.63474E-14  .45919E-12
 -.27384      .26843      .54162E-02 -.12220E-09  .25934E-18  .60526E-17
  .24607      2.0715      3.1656     -.20141E-09 -.15885E-17 -.39897E-16
    .082   -.143    .062    .000    .000    .000    .000    .000    .000
   -.143   1.097   -.953    .000    .000    .000    .000    .000    .000
    .062   -.953    .891    .000    .000    .000    .000    .000    .000
    .000    .000    .000    .232    .000    .000    .073    .000    .000
    .000    .000    .000    .000    .156    .000    .000    .003    .000
    .000    .000    .000    .000    .000   1.542    .000    .000   -.774
