jmax,kmax  64  64 sfix   1.2 dUidxj   5.0    .0    .0    .0  -5.0    .0    .0    .0    .0 rot    .0    .0    .0
 88
 t beta kdk0 s
 con1 con2 con3  DkDt dkdt dkdtP
  uu vv ww   uv  uw vw 
  duu dvv dww   duv  duw dvw 
  b11 b22 b33  b12 b13 b23
  dispuu dispvv dispww dispuv dispuw dispvw 
  cs1111 cs1122 cs1133 cs1112 cs1113 cs1123  cw1112 cw1113 cw1123
  cs2211 cs2222 cs2233 cs2212 cs2213 cs2223  cw2212 cw2213 cw2223
  cs3311 cs3322 cs3333 cs3312 cs3313 cs3323  cw3312 cw3313 cw3323
  cs1211 cs1222 cs1233 cs1212 cs1213 cs1223  cw1212 cw1213 cw1223
  cs1311 cs1322 cs1333 cs1312 cs1313 cs1323  cw1312 cw1313 cw1323
  cs2311 cs2322 cs2333 cs2312 cs2313 cs2323  cw2312 cw2313 cw2323

  .00000E+00  .00000E+00  1.0000      1.1560    
  .11426E-13 -.79844E-05  .00000E+00  .00000E+00  .00000E+00  .00000E+00
  5461.2      5461.2      5461.5     -.37484E-13 -.17070E-14  .33222E-13
  .00000E+00  .00000E+00  .00000E+00  .00000E+00  .00000E+00  .00000E+00
 -.50966E-05 -.50970E-05  .10163E-04 -.22879E-17 -.10419E-18  .20277E-17
  1.3333      1.3333      1.3334     -.65494E-17 -.12841E-17  .11719E-17
    .533   -.267   -.267    .000    .000    .000    .000    .000    .000
   -.267    .533   -.267    .000    .000    .000    .000    .000    .000
   -.267   -.267    .533    .000    .000    .000    .000    .000    .000
    .000    .000    .000    .800    .000    .000    .000    .000    .000
    .000    .000    .000    .000    .800    .000    .000    .000    .000
    .000    .000    .000    .000    .000    .800    .000    .000    .000

  .50000E-02  .50000E-01  .95798      1.1554    
 -.37139E-08 -.77885E-05  .00000E+00 -68839.     -66863.      1057.3    
  5125.5      5336.9      5233.2      .14026E-08 -.15404E-14 -.20060E-13
 -65254.     -24335.     -44138.     -.10350E-05 -.24247E-12  .26631E-13
 -.67783E-02  .66940E-02  .84310E-04  .89362E-13 -.98144E-19 -.12781E-17
  1.3197      1.3469      1.3354      .15351E-10 -.32892E-18  .51204E-17
    .518   -.267   -.252    .000    .000    .000    .000    .000    .000
   -.267    .549   -.282    .000    .000    .000    .000    .000    .000
   -.252   -.282    .534    .000    .000    .000    .000    .000    .000
    .000    .000    .000    .800    .000    .000    .001    .000    .000
    .000    .000    .000    .000    .777    .000    .000    .000    .000
    .000    .000    .000    .000    .000    .823    .000    .000    .000

  .10000E-01  .10000E+00  .91855      1.1607    
 -.14564E-08 -.75789E-05  .00000E+00 -64601.     -62785.      2047.4    
  4809.6      5219.1      5020.8      .17658E-08 -.18319E-14 -.47698E-13
 -61373.     -23070.     -41126.      .10069E-05  .75495E-14 -.87222E-13
 -.13747E-01  .13461E-01  .28578E-03  .11734E-12 -.12172E-18 -.31694E-17
  1.3054      1.3610      1.3411     -.40432E-10  .14422E-17 -.10641E-16
    .503   -.266   -.237    .000    .000    .000    .000    .000    .000
   -.266    .564   -.297    .000    .000    .000    .000    .000    .000
   -.237   -.297    .534    .000    .000    .000    .000    .000    .000
    .000    .000    .000    .798    .000    .000    .002    .000    .000
    .000    .000    .000    .000    .755    .000    .000    .001    .000
    .000    .000    .000    .000    .000    .845    .000    .000   -.001

  .15000E-01  .15000      .88155      1.1660    
 -.32409E-08 -.73443E-05  .00000E+00 -60634.     -58962.      2974.0    
  4512.8      5107.6      4822.8      .10829E-08  .24980E-15  .13812E-13
 -57674.     -21842.     -38409.      .12151E-05  .24514E-12  .12497E-12
 -.20883E-01  .20299E-01  .58346E-03  .74976E-13  .17295E-19  .95628E-18
  1.2904      1.3756      1.3504      .29144E-10 -.15719E-17  .47970E-18
    .489   -.266   -.223    .000    .000    .000    .000    .000    .000
   -.266    .578   -.312    .000    .000    .000    .000    .000    .000
   -.223   -.312    .535    .000    .000    .000    .000    .000    .000
    .000    .000    .000    .796    .000    .000    .005    .000    .000
    .000    .000    .000    .000    .734    .000    .000    .002    .000
    .000    .000    .000    .000    .000    .868    .000    .000   -.003

  .20000E-01  .20000      .84681      1.1714    
 -.86875E-08 -.71662E-05  .00000E+00 -56919.     -55380.      3840.7    
  4234.1      5002.2      4637.8      .43941E-09  .29143E-14  .11265E-13
 -54153.     -20652.     -35954.     -.20288E-05 -.44409E-13  .36082E-15
 -.28156E-01  .27209E-01  .94694E-03  .31671E-13  .21006E-18  .81194E-18
  1.2747      1.3906      1.3630     -.30372E-10 -.12843E-17 -.13263E-16
    .474   -.266   -.209    .000    .000    .000    .000    .000    .000
   -.266    .593   -.328    .000    .000    .000    .000    .000    .000
   -.209   -.328    .536    .000    .000    .000    .000    .000    .000
    .000    .000    .000    .793    .000    .000    .009    .000    .000
    .000    .000    .000    .000    .712    .000    .000    .004    .000
    .000    .000    .000    .000    .000    .891    .000    .000   -.005

  .25000E-01  .25000      .81419      1.1769    
 -.13518E-07 -.69618E-05  .00000E+00 -53440.     -52022.      4650.9    
  3972.5      4902.7      4464.5     -.35518E-09  .63977E-14  .23700E-13
 -50806.     -19504.     -33735.      .26743E-05  .39746E-13 -.12908E-12
 -.35538E-01  .34191E-01  .13468E-02 -.26626E-13  .47960E-18  .17766E-17
  1.2583      1.4060      1.3785     -.70848E-10  .49936E-18  .21451E-16
    .460   -.265   -.195    .000    .000    .000    .000    .000    .000
   -.265    .608   -.343    .000    .000    .000    .000    .000    .000
   -.195   -.343    .538    .000    .000    .000    .000    .000    .000
    .000    .000    .000    .789    .000    .000    .014    .000    .000
    .000    .000    .000    .000    .692    .000    .000    .005    .000
    .000    .000    .000    .000    .000    .913    .000    .000   -.009

  .30000E-01  .30000      .78356      1.1825    
 -.20802E-07 -.68232E-05  .00000E+00 -50182.     -48874.      5407.8    
  3727.2      4808.8      4301.8     -.78463E-09  .27062E-15  .33563E-13
 -47628.     -18397.     -31724.     -.20101E-05  .18652E-13  .14690E-13
 -.43001E-01  .41246E-01  .17549E-02 -.61118E-13  .21080E-19  .26144E-17
  1.2412      1.4218      1.3967     -.35819E-10  .12583E-17  .15255E-16
    .447   -.265   -.182    .000    .000    .000    .000    .000    .000
   -.265    .622   -.358    .000    .000    .000    .000    .000    .000
   -.182   -.358    .540    .000    .000    .000    .000    .000    .000
    .000    .000    .000    .784    .000    .000    .020    .000    .000
    .000    .000    .000    .000    .672    .000    .000    .007    .000
    .000    .000    .000    .000    .000    .935    .000    .000   -.013

  .35000E-01  .35000      .75479      1.1882    
 -.82834E-08 -.66189E-05  .00000E+00 -47131.     -45924.      6114.6    
  3497.5      4720.4      4148.7     -.23153E-08 -.33029E-14  .44402E-13
 -44615.     -17333.     -29899.     -.71059E-06 -.83933E-13  .69927E-13
 -.50517E-01  .48372E-01  .21444E-02 -.18723E-12 -.26708E-18  .35905E-17
  1.2232      1.4379      1.4174      .48202E-10 -.76310E-18  .46066E-17
    .434   -.264   -.170    .000    .000    .000    .000    .000    .000
   -.264    .637   -.373    .000    .000    .000    .000    .000    .000
   -.170   -.373    .542    .000    .000    .000    .000    .000    .000
    .000    .000    .000    .779    .000    .000    .026    .000    .000
    .000    .000    .000    .000    .652    .000    .000    .009    .000
    .000    .000    .000    .000    .000    .957    .000    .000   -.019

  .40000E-01  .40000      .72777      1.1940    
 -.56023E-08 -.63954E-05  .00000E+00 -44273.     -43157.      6774.2    
  3282.3      4637.2      4004.3      .10451E-08 -.10061E-14 -.25263E-13
 -41761.     -16313.     -28240.     -.22264E-05 -.36193E-13 -.63970E-13
 -.58058E-01  .55567E-01  .24904E-02  .87649E-13 -.84381E-19 -.21187E-17
  1.2045      1.4542      1.4402      .36568E-10 -.40503E-18  .54757E-17
    .421   -.264   -.158    .000    .000    .000    .000    .000    .000
   -.264    .651   -.387    .000    .000    .000    .000    .000    .000
   -.158   -.387    .545    .000    .000    .000    .000    .000    .000
    .000    .000    .000    .772    .000    .000    .034    .000    .000
    .000    .000    .000    .000    .633    .000    .000    .012    .000
    .000    .000    .000    .000    .000    .978    .000    .000   -.025

  .45000E-01  .45000      .70301      1.2263    
 -.48840E-08 -.61996E-05  .00000E+00 -40567.     -39569.      7393.2    
  3084.0      4562.7      3871.5     -.64228E-08 -.88818E-15 -.96650E-14
 -38508.     -14613.     -26017.     -.25256E-05  .45630E-13  .84446E-13
 -.65581E-01  .62795E-01  .27858E-02 -.55762E-12 -.77111E-19 -.83911E-18
  1.1851      1.4707      1.4650      .79097E-10  .61207E-18  .11057E-16
    .409   -.263   -.146    .000    .000    .000    .000    .000    .000
   -.263    .665   -.402    .000    .000    .000    .000    .000    .000
   -.146   -.402    .547    .000    .000    .000    .000    .000    .000
    .000    .000    .000    .766    .000    .000    .042    .000    .000
    .000    .000    .000    .000    .615    .000    .000    .014    .000
    .000    .000    .000    .000    .000    .999    .000    .000   -.033

  .50000E-01  .50000      .68031      1.2587    
 -.24688E-08 -.59788E-05  .00000E+00 -37196.     -36303.      7975.3    
  2901.0      4496.1      3749.0     -.89036E-08 -.27964E-14 -.10340E-13
 -35534.     -13052.     -24019.      .14331E-05  .28644E-13  .23891E-13
 -.73060E-01  .70044E-01  .30167E-02 -.79880E-12 -.25088E-18 -.92766E-18
  1.1650      1.4872      1.4916      .85708E-10  .48558E-18  .89521E-18
    .397   -.263   -.134    .000    .000    .000    .000    .000    .000
   -.263    .679   -.416    .000    .000    .000    .000    .000    .000
   -.134   -.416    .550    .000    .000    .000    .000    .000    .000
    .000    .000    .000    .758    .000    .000    .050    .000    .000
    .000    .000    .000    .000    .597    .000    .000    .016    .000
    .000    .000    .000    .000    .000   1.019    .000    .000   -.042

  .55000E-01  .55000      .65948      1.2911    
  .28795E-08 -.58309E-05  .00000E+00 -34124.     -33322.      8523.8    
  2732.1      4436.9      3635.9     -.15732E-07 -.18041E-14  .68186E-13
 -32812.     -11615.     -22216.      .16359E-05 -.43410E-13 -.88589E-13
 -.80474E-01  .77302E-01  .31715E-02 -.14560E-11 -.16697E-18  .63106E-17
  1.1443      1.5038      1.5198     -.16345E-10  .66788E-19 -.53142E-17
    .385   -.262   -.123    .000    .000    .000    .000    .000    .000
   -.262    .693   -.430    .000    .000    .000    .000    .000    .000
   -.123   -.430    .554    .000    .000    .000    .000    .000    .000
    .000    .000    .000    .750    .000    .000    .059    .000    .000
    .000    .000    .000    .000    .579    .000    .000    .018    .000
    .000    .000    .000    .000    .000   1.039    .000    .000   -.051

  .60000E-01  .60000      .64037      1.3235    
 -.33982E-08 -.56456E-05  .00000E+00 -31317.     -30594.      9041.7    
  2576.1      4384.4      3531.3     -.11759E-07  .17694E-14 -.41155E-13
 -30316.     -10289.     -20583.     -.21276E-05  .23870E-13  .14220E-12
 -.87800E-01  .84559E-01  .32409E-02 -.11208E-11  .16865E-18 -.39226E-17
  1.1231      1.5204      1.5494      .64490E-10 -.62697E-18 -.23944E-16
    .374   -.262   -.112    .000    .000    .000    .000    .000    .000
   -.262    .706   -.445    .000    .000    .000    .000    .000    .000
   -.112   -.445    .557    .000    .000    .000    .000    .000    .000
    .000    .000    .000    .741    .000    .000    .068    .000    .000
    .000    .000    .000    .000    .562    .000    .000    .019    .000
    .000    .000    .000    .000    .000   1.059    .000    .000   -.062

  .65000E-01  .65000      .62282      1.3560    
  .22071E-09 -.54372E-05  .00000E+00 -28746.     -28094.      9531.8    
  2431.8      4338.2      3434.3     -.78001E-08  .10374E-14 -.10787E-13
 -28026.     -9063.0     -19098.     -.16516E-05 -.55844E-13  .13309E-12
 -.95018E-01  .91801E-01  .32176E-02 -.76439E-12  .10166E-18 -.10571E-17
  1.1013      1.5369      1.5802     -.11573E-10  .38624E-18 -.79022E-17
    .363   -.261   -.102    .000    .000    .000    .000    .000    .000
   -.261    .720   -.459    .000    .000    .000    .000    .000    .000
   -.102   -.459    .561    .000    .000    .000    .000    .000    .000
    .000    .000    .000    .732    .000    .000    .077    .000    .000
    .000    .000    .000    .000    .546    .000    .000    .021    .000
    .000    .000    .000    .000    .000   1.078    .000    .000   -.074

  .70000E-01  .70000      .60672      1.3886    
  .69342E-08 -.52406E-05  .00000E+00 -26386.     -25796.      9996.5    
  2298.4      4297.7      3344.3     -.22704E-08  .16168E-14 -.19379E-13
 -25923.     -7926.3     -17742.     -.87629E-06 -.29976E-14 -.18351E-12
 -.10211      .99016E-01  .30967E-02 -.22840E-12  .16264E-18 -.19496E-17
  1.0790      1.5533      1.6120     -.73439E-10 -.14101E-18  .99248E-17
    .353   -.261   -.092    .000    .000    .000    .000    .000    .000
   -.261    .733   -.472    .000    .000    .000    .000    .000    .000
   -.092   -.472    .564    .000    .000    .000    .000    .000    .000
    .000    .000    .000    .723    .000    .000    .086    .000    .000
    .000    .000    .000    .000    .530    .000    .000    .023    .000
    .000    .000    .000    .000    .000   1.097    .000    .000   -.087

  .75000E-01  .75000      .59194      1.4213    
  .50781E-08 -.50555E-05  .00000E+00 -24216.     -23680.      10438.    
  2175.0      4262.7      3260.6     -.27291E-08  .10200E-14 -.50852E-13
 -23990.     -6870.4     -16500.      .10355E-05 -.16820E-13 -.22461E-12
 -.10907      .10619      .28748E-02 -.28140E-12  .10518E-18 -.52434E-17
  1.0562      1.5696      1.6445      .13668E-09  .00000E+00 -.61867E-17
    .343   -.261   -.083    .000    .000    .000    .000    .000    .000
   -.261    .746   -.486    .000    .000    .000    .000    .000    .000
   -.083   -.486    .568    .000    .000    .000    .000    .000    .000
    .000    .000    .000    .713    .000    .000    .095    .000    .000
    .000    .000    .000    .000    .514    .000    .000    .024    .000
    .000    .000    .000    .000    .000   1.115    .000    .000   -.100

  .80000E-01  .80000      .57838      1.4540    
  .81015E-08 -.49532E-05  .00000E+00 -22215.     -21728.      10859.    
  2060.7      4232.5      3182.9     -.53394E-08  .70777E-15  .41095E-13
 -22210.     -5887.2     -15358.      .52696E-05  .20539E-14 -.34028E-13
 -.11587      .11332      .25504E-02 -.56345E-12  .74689E-19  .43367E-17
  1.0330      1.5857      1.6776     -.12980E-09 -.54186E-19 -.12877E-17
    .334   -.260   -.073    .000    .000    .000    .000    .000    .000
   -.260    .760   -.499    .000    .000    .000    .000    .000    .000
   -.073   -.499    .573    .000    .000    .000    .000    .000    .000
    .000    .000    .000    .703    .000    .000    .104    .000    .000
    .000    .000    .000    .000    .500    .000    .000    .025    .000
    .000    .000    .000    .000    .000   1.132    .000    .000   -.115

  .85000E-01  .85000      .56595      1.4868    
  .16187E-07 -.47893E-05  .00000E+00 -20367.     -19922.      11261.    
  1954.9      4207.1      3110.5     -.60685E-08  .65226E-15 -.35928E-13
 -20572.     -4969.8     -14303.      .25978E-05 -.38858E-14  .22669E-13
 -.12251      .12038      .21237E-02 -.65447E-12  .70343E-19 -.38747E-17
  1.0094      1.6016      1.7112     -.30195E-10  .10926E-18 -.74227E-17
    .324   -.260   -.064    .000    .000    .000    .000    .000    .000
   -.260    .772   -.513    .000    .000    .000    .000    .000    .000
   -.064   -.513    .577    .000    .000    .000    .000    .000    .000
    .000    .000    .000    .692    .000    .000    .113    .000    .000
    .000    .000    .000    .000    .485    .000    .000    .026    .000
    .000    .000    .000    .000    .000   1.149    .000    .000   -.131

  .90000E-01  .90000      .55456      1.5196    
  .30414E-07 -.46387E-05  .00000E+00 -18657.     -18250.      11646.    
  1856.8      4186.0      3043.1     -.11790E-07  .93675E-16  .11136E-13
 -19062.     -4111.7     -13326.      .90318E-06  .35028E-13  .17125E-13
 -.12897      .12738      .15964E-02 -.12976E-11  .10310E-19  .12256E-17
  .98557      1.6173      1.7449      .95674E-10 -.91644E-20 -.26503E-16
    .315   -.260   -.056    .000    .000    .000    .000    .000    .000
   -.260    .785   -.526    .000    .000    .000    .000    .000    .000
   -.056   -.526    .581    .000    .000    .000    .000    .000    .000
    .000    .000    .000    .681    .000    .000    .121    .000    .000
    .000    .000    .000    .000    .471    .000    .000    .027    .000
    .000    .000    .000    .000    .000   1.165    .000    .000   -.147

  .95000E-01  .95000      .54414      1.5525    
  .31206E-07 -.44769E-05  .00000E+00 -17071.     -16698.      12015.    
  1765.9      4168.9      2980.4     -.16536E-07 -.46664E-15 -.11052E-13
 -17669.     -3307.5     -12418.     -.20775E-05 -.18097E-13 -.63574E-13
 -.13526      .13428      .97132E-03 -.18548E-11 -.52342E-19 -.12397E-17
  .96143      1.6327      1.7787      .89008E-10 -.93399E-20 -.27691E-16
    .307   -.259   -.048    .000    .000    .000    .000    .000    .000
   -.259    .798   -.539    .000    .000    .000    .000    .000    .000
   -.048   -.539    .586    .000    .000    .000    .000    .000    .000
    .000    .000    .000    .670    .000    .000    .130    .000    .000
    .000    .000    .000    .000    .458    .000    .000    .028    .000
    .000    .000    .000    .000    .000   1.181    .000    .000   -.165

  .10000      1.0000      .53462      1.5854    
  .34639E-07 -.43005E-05  .00000E+00 -15597.     -15254.      12370.    
  1681.6      4155.7      2922.0     -.16773E-07  .11276E-15 -.64846E-13
 -16385.     -2551.9     -11571.      .23000E-06 -.14266E-13  .13878E-13
 -.14135      .14110      .25267E-03 -.19149E-11  .12873E-19 -.74031E-17
  .93707      1.6478      1.8123      .13538E-11  .79218E-20 -.82335E-17
    .299   -.259   -.040    .000    .000    .000    .000    .000    .000
   -.259    .810   -.551    .000    .000    .000    .000    .000    .000
   -.040   -.551    .591    .000    .000    .000    .000    .000    .000
    .000    .000    .000    .659    .000    .000    .137    .000    .000
    .000    .000    .000    .000    .445    .000    .000    .028    .000
    .000    .000    .000    .000    .000   1.196    .000    .000   -.183

  .10500      1.0500      .52594      1.6185    
  .41978E-07 -.41380E-05  .00000E+00 -14225.     -13908.      12713.    
  1603.4      4146.0      2867.5     -.68513E-08  .52909E-15  .27849E-13
 -15199.     -1840.3     -10777.      .34930E-05 -.22288E-13  .93370E-13
 -.14726      .14781     -.55431E-03 -.79510E-12  .61401E-19  .32319E-17
  .91255      1.6626      1.8456      .13668E-09  .51376E-18 -.89642E-17
    .291   -.258   -.032    .000    .000    .000    .000    .000    .000
   -.258    .822   -.564    .000    .000    .000    .000    .000    .000
   -.032   -.564    .596    .000    .000    .000    .000    .000    .000
    .000    .000    .000    .648    .000    .000    .144    .000    .000
    .000    .000    .000    .000    .432    .000    .000    .029    .000
    .000    .000    .000    .000    .000   1.211    .000    .000   -.202

  .11000      1.1000      .51804      1.6515    
  .36644E-07 -.40400E-05  .00000E+00 -12945.     -12651.      13044.    
  1530.9      4139.7      2816.9     -.75337E-08  .20817E-16 -.21412E-13
 -14104.     -1168.8     -10031.      .11525E-05 -.10575E-13 -.13921E-12
 -.15297      .15441     -.14436E-02 -.88762E-12  .24526E-20 -.25227E-17
  .88792      1.6771      1.8784     -.49274E-10  .30494E-18  .72467E-17
    .283   -.258   -.025    .000    .000    .000    .000    .000    .000
   -.258    .834   -.576    .000    .000    .000    .000    .000    .000
   -.025   -.576    .601    .000    .000    .000    .000    .000    .000
    .000    .000    .000    .637    .000    .000    .151    .000    .000
    .000    .000    .000    .000    .421    .000    .000    .029    .000
    .000    .000    .000    .000    .000   1.225    .000    .000   -.221

  .11500      1.1500      .51089      1.6875    
  .28079E-07 -.39104E-05  .00000E+00 -11707.     -11435.      13366.    
  1463.6      4136.8      2770.0      .27065E-08 -.10408E-16  .10920E-13
 -13077.     -502.08     -9292.0      .10485E-05 -.58564E-14 -.76661E-13
 -.15848      .16088     -.24035E-02  .32334E-12 -.12435E-20  .13046E-17
  .86326      1.6912      1.9106      .95264E-10 -.20724E-19  .32346E-16
    .275   -.257   -.018    .000    .000    .000    .000    .000    .000
   -.257    .846   -.588    .000    .000    .000    .000    .000    .000
   -.018   -.588    .606    .000    .000    .000    .000    .000    .000
    .000    .000    .000    .625    .000    .000    .157    .000    .000
    .000    .000    .000    .000    .409    .000    .000    .029    .000
    .000    .000    .000    .000    .000   1.238    .000    .000   -.241

  .12000      1.2000      .50445      1.7235    
  .33349E-07 -.37946E-05  .00000E+00 -10551.     -10298.      13679.    
  1401.2      4137.1      2726.7      .60269E-08 -.23766E-15  .31952E-13
 -12130.      128.71     -8594.5      .70475E-05  .35805E-14  .54554E-13
 -.16380      .16723     -.34264E-02  .72921E-12 -.28755E-19  .38660E-17
  .83861      1.7050      1.9421     -.27856E-10  .19226E-18 -.19981E-18
    .268   -.257   -.011    .000    .000    .000    .000    .000    .000
   -.257    .857   -.600    .000    .000    .000    .000    .000    .000
   -.011   -.600    .612    .000    .000    .000    .000    .000    .000
    .000    .000    .000    .614    .000    .000    .163    .000    .000
    .000    .000    .000    .000    .398    .000    .000    .029    .000
    .000    .000    .000    .000    .000   1.251    .000    .000   -.262

  .12500      1.2500      .49867      1.7595    
  .36574E-07 -.36898E-05  .00000E+00 -9467.7     -9231.8      13985.    
  1343.3      4140.3      2686.6      .13705E-07  .52042E-17 -.66978E-14
 -11257.      727.13     -7933.7     -.20561E-05 -.97145E-14  .16025E-12
 -.16892      .17343     -.45040E-02  .16774E-11  .63697E-21 -.81977E-18
  .81403      1.7183      1.9727      .68305E-10 -.92912E-18 -.55435E-16
    .261   -.256   -.005    .000    .000    .000    .000    .000    .000
   -.256    .868   -.612    .000    .000    .000    .000    .000    .000
   -.005   -.612    .617    .000    .000    .000    .000    .000    .000
    .000    .000    .000    .603    .000    .000    .168    .000    .000
    .000    .000    .000    .000    .387    .000    .000    .029    .000
    .000    .000    .000    .000    .000   1.263    .000    .000   -.283

  .13000      1.3000      .49351      1.7956    
  .33638E-07 -.35651E-05  .00000E+00 -8451.3     -8230.3      14285.    
  1289.5      4146.5      2649.7     -.27033E-08  .69215E-15 -.13406E-13
 -10452.      1296.4     -7305.4      .70696E-05  .54401E-14  .79117E-13
 -.17385      .17948     -.56279E-02 -.33432E-12  .85602E-19 -.16580E-17
  .78955      1.7313      2.0023      .12286E-10 -.47628E-18  .34082E-16
    .254   -.255    .001    .000    .000    .000    .000    .000    .000
   -.255    .879   -.624    .000    .000    .000    .000    .000    .000
    .001   -.624    .623    .000    .000    .000    .000    .000    .000
    .000    .000    .000    .591    .000    .000    .173    .000    .000
    .000    .000    .000    .000    .377    .000    .000    .028    .000
    .000    .000    .000    .000    .000   1.275    .000    .000   -.305

  .13500      1.3500      .48894      1.8318    
  .22875E-07 -.34573E-05  .00000E+00 -7495.4     -7287.5      14579.    
  1239.6      4155.3      2615.9     -.52852E-08  .93849E-15  .10963E-14
 -9708.2      1839.3     -6706.1      .34880E-06  .39163E-13 -.66447E-13
 -.17859      .18538     -.67894E-02 -.65976E-12  .11715E-18  .13686E-18
  .76524      1.7439      2.0308     -.25376E-10 -.69945E-18  .17670E-17
    .248   -.254    .007    .000    .000    .000    .000    .000    .000
   -.254    .890   -.635    .000    .000    .000    .000    .000    .000
    .007   -.635    .629    .000    .000    .000    .000    .000    .000
    .000    .000    .000    .580    .000    .000    .177    .000    .000
    .000    .000    .000    .000    .367    .000    .000    .028    .000
    .000    .000    .000    .000    .000   1.286    .000    .000   -.327

  .14000      1.4000      .48491      1.8680    
  .43016E-07 -.33570E-05  .00000E+00 -6594.4     -6398.1      14868.    
  1193.2      4166.8      2584.9     -.58148E-08 -.35215E-15  .35059E-14
 -9022.1      2358.4     -6132.6     -.46758E-05  .80491E-14  .22884E-13
 -.18315      .19113     -.79798E-02 -.73190E-12 -.44324E-19  .44128E-18
  .74113      1.7561      2.0581      .15571E-09 -.86028E-19  .41887E-16
    .241   -.253    .012    .000    .000    .000    .000    .000    .000
   -.253    .900   -.647    .000    .000    .000    .000    .000    .000
    .012   -.647    .635    .000    .000    .000    .000    .000    .000
    .000    .000    .000    .569    .000    .000    .180    .000    .000
    .000    .000    .000    .000    .358    .000    .000    .028    .000
    .000    .000    .000    .000    .000   1.297    .000    .000   -.349

  .14500      1.4500      .48141      1.9042    
  .50385E-07 -.32314E-05  .00000E+00 -5743.4     -5557.3      15153.    
  1150.1      4180.7      2556.7     -.88742E-08 -.10937E-14 -.21391E-13
 -8388.7      2856.2     -5582.1     -.67977E-05 -.51903E-14 -.38525E-12
 -.18752      .19671     -.91902E-02 -.11251E-11 -.13867E-18 -.27120E-17
  .71727      1.7679      2.0840      .22999E-09 -.89866E-18 -.35999E-17
    .235   -.252    .017    .000    .000    .000    .000    .000    .000
   -.252    .910   -.658    .000    .000    .000    .000    .000    .000
    .017   -.658    .641    .000    .000    .000    .000    .000    .000
    .000    .000    .000    .558    .000    .000    .183    .000    .000
    .000    .000    .000    .000    .349    .000    .000    .027    .000
    .000    .000    .000    .000    .000   1.307    .000    .000   -.372

  .15000      1.5000      .47840      1.9405    
  .54713E-07 -.31082E-05  .00000E+00 -4937.7     -4760.6      15435.    
  1109.9      4197.0      2531.1      .49553E-09  .41113E-15  .26115E-13
 -7803.9      3334.8     -5052.1      .87867E-05  .44686E-14  .25541E-12
 -.19172      .20214     -.10412E-01  .63221E-13  .52453E-19  .33318E-17
  .69370      1.7792      2.1085     -.95693E-10  .69362E-18 -.24614E-16
    .229   -.251    .022    .000    .000    .000    .000    .000    .000
   -.251    .920   -.669    .000    .000    .000    .000    .000    .000
    .022   -.669    .647    .000    .000    .000    .000    .000    .000
    .000    .000    .000    .547    .000    .000    .186    .000    .000
    .000    .000    .000    .000    .340    .000    .000    .026    .000
    .000    .000    .000    .000    .000   1.317    .000    .000   -.394

  .15500      1.5500      .47585      1.9768    
  .60516E-07 -.30103E-05  .00000E+00 -4173.5     -4004.2      15715.    
  1072.6      4215.7      2508.0      .93747E-08  .32960E-15 -.21129E-13
 -7263.9      3796.0     -4540.4     -.17783E-05 -.20040E-13 -.10371E-12
 -.19576      .20739     -.11637E-01  .12025E-11  .42276E-19 -.27101E-17
  .67045      1.7902      2.1316      .19311E-09  .78233E-18  .76613E-17
    .223   -.250    .027    .000    .000    .000    .000    .000    .000
   -.250    .930   -.680    .000    .000    .000    .000    .000    .000
    .027   -.680    .653    .000    .000    .000    .000    .000    .000
    .000    .000    .000    .536    .000    .000    .187    .000    .000
    .000    .000    .000    .000    .332    .000    .000    .026    .000
    .000    .000    .000    .000    .000   1.327    .000    .000   -.417

  .16000      1.6000      .47374      2.0131    
  .50702E-07 -.29013E-05  .00000E+00 -3446.9     -3284.4      15994.    
  1037.8      4236.5      2487.5      .25295E-07  .76501E-15  .28130E-13
 -6765.5      4241.8     -4045.1      .33014E-05  .31183E-13  .45380E-13
 -.19963      .21248     -.12856E-01  .32590E-11  .98561E-19  .36242E-17
  .64757      1.8007      2.1531     -.45607E-10 -.68702E-18  .23461E-16
    .217   -.248    .031    .000    .000    .000    .000    .000    .000
   -.248    .939   -.690    .000    .000    .000    .000    .000    .000
    .031   -.690    .660    .000    .000    .000    .000    .000    .000
    .000    .000    .000    .525    .000    .000    .189    .000    .000
    .000    .000    .000    .000    .324    .000    .000    .025    .000
    .000    .000    .000    .000    .000   1.336    .000    .000   -.440

  .16500      1.6500      .47206      2.0495    
  .57260E-07 -.28157E-05  .00000E+00 -2754.6     -2598.0      16271.    
  1005.4      4259.5      2469.3      .19002E-07 -.17503E-14  .12909E-12
 -6305.3      4673.7     -3564.3      .51894E-05 -.68001E-14 -.36099E-12
 -.20334      .21740     -.14062E-01  .24569E-11 -.22631E-18  .16691E-16
  .62507      1.8108      2.1730      .62198E-10  .37726E-18  .11219E-16
    .212   -.247    .035    .000    .000    .000    .000    .000    .000
   -.247    .948   -.701    .000    .000    .000    .000    .000    .000
    .035   -.701    .666    .000    .000    .000    .000    .000    .000
    .000    .000    .000    .514    .000    .000    .190    .000    .000
    .000    .000    .000    .000    .316    .000    .000    .024    .000
    .000    .000    .000    .000    .000   1.344    .000    .000   -.462

  .17000      1.7000      .47079      2.0859    
  .61708E-07 -.26900E-05  .00000E+00 -2093.5     -1941.9      16547.    
  975.19      4284.7      2453.5      .33915E-07  .69346E-15 -.28141E-13
 -5880.5      5093.1     -3096.5      .41096E-05  .24772E-13  .44437E-13
 -.20690      .22215     -.15247E-01  .43970E-11  .89903E-19 -.36483E-17
  .60300      1.8205      2.1913      .15547E-09  .35512E-18 -.18959E-16
    .206   -.245    .039    .000    .000    .000    .000    .000    .000
   -.245    .956   -.711    .000    .000    .000    .000    .000    .000
    .039   -.711    .673    .000    .000    .000    .000    .000    .000
    .000    .000    .000    .504    .000    .000    .190    .000    .000
    .000    .000    .000    .000    .308    .000    .000    .024    .000
    .000    .000    .000    .000    .000   1.352    .000    .000   -.485

  .17500      1.7500      .46989      2.1223    
  .60544E-07 -.26235E-05  .00000E+00 -1460.7     -1313.6      16824.    
  946.99      4311.8      2440.0      .24634E-07  .14906E-14 -.66249E-14
 -5488.5      5501.6     -2640.3     -.43559E-05 -.17673E-13  .41467E-13
 -.21033      .22673     -.16404E-01  .31998E-11  .19361E-18 -.86052E-18
  .58138      1.8297      2.2079      .12794E-10  .10372E-17 -.74889E-17
    .201   -.243    .042    .000    .000    .000    .000    .000    .000
   -.243    .965   -.722    .000    .000    .000    .000    .000    .000
    .042   -.722    .679    .000    .000    .000    .000    .000    .000
    .000    .000    .000    .493    .000    .000    .190    .000    .000
    .000    .000    .000    .000    .301    .000    .000    .023    .000
    .000    .000    .000    .000    .000   1.360    .000    .000   -.508

  .18000      1.8000      .46937      2.1587    
  .63200E-07 -.25350E-05  .00000E+00 -853.91     -710.48      17101.    
  920.66      4340.9      2428.6      .29469E-07 -.28840E-15  .27433E-13
 -5126.9      5900.3     -2194.4     -.34518E-05  .14211E-13 -.70277E-13
 -.21362      .23114     -.17526E-01  .38321E-11 -.37502E-19  .35673E-17
  .56023      1.8386      2.2229      .11284E-09  .44664E-18 -.26242E-16
    .196   -.241    .045    .000    .000    .000    .000    .000    .000
   -.241    .973   -.732    .000    .000    .000    .000    .000    .000
    .045   -.732    .686    .000    .000    .000    .000    .000    .000
    .000    .000    .000    .483    .000    .000    .189    .000    .000
    .000    .000    .000    .000    .294    .000    .000    .022    .000
    .000    .000    .000    .000    .000   1.368    .000    .000   -.530

  .18500      1.8500      .46924      2.2014    
  .56832E-07 -.24495E-05  .00000E+00 -220.95     -81.306      17380.    
  896.10      4372.2      2419.7      .38681E-07  .26498E-15 -.26857E-13
 -4782.3      6330.4     -1710.6     -.20509E-05 -.11102E-15  .26767E-12
 -.21677      .23537     -.18596E-01  .50314E-11  .34467E-19 -.34934E-17
  .53960      1.8470      2.2365      .19888E-09  .12735E-17  .23113E-16
    .190   -.239    .048    .000    .000    .000    .000    .000    .000
   -.239    .981   -.742    .000    .000    .000    .000    .000    .000
    .048   -.742    .693    .000    .000    .000    .000    .000    .000
    .000    .000    .000    .473    .000    .000    .188    .000    .000
    .000    .000    .000    .000    .288    .000    .000    .021    .000
    .000    .000    .000    .000    .000   1.375    .000    .000   -.552

  .19000      1.9000      .46947      2.2440    
  .41900E-07 -.24129E-05  .00000E+00  386.91      523.32      17662.    
  873.18      4405.6      2413.1      .69438E-07 -.64705E-15 -.13042E-13
 -4465.9      6751.0     -1238.5     -.21707E-05 -.23245E-13  .21844E-13
 -.21981      .23942     -.19609E-01  .90275E-11 -.84122E-19 -.16955E-17
  .51951      1.8551      2.2486      .35991E-10  .66846E-18 -.25591E-16
    .185   -.237    .051    .000    .000    .000    .000    .000    .000
   -.237    .988   -.751    .000    .000    .000    .000    .000    .000
    .051   -.751    .700    .000    .000    .000    .000    .000    .000
    .000    .000    .000    .463    .000    .000    .187    .000    .000
    .000    .000    .000    .000    .281    .000    .000    .020    .000
    .000    .000    .000    .000    .000   1.382    .000    .000   -.574

  .19500      1.9500      .47007      2.2867    
  .40841E-07 -.23031E-05  .00000E+00  972.07      1105.8      17946.    
  851.76      4441.0      2408.8      .90011E-07 -.57549E-15 -.55650E-14
 -4175.3      7163.6     -776.64     -.44188E-05  .13094E-13  .15887E-12
 -.22274      .24330     -.20560E-01  .11687E-10 -.74724E-19 -.72258E-18
  .49998      1.8627      2.2593      .52426E-10  .12924E-17 -.29692E-16
    .180   -.234    .054    .000    .000    .000    .000    .000    .000
   -.234    .995   -.761    .000    .000    .000    .000    .000    .000
    .054   -.761    .707    .000    .000    .000    .000    .000    .000
    .000    .000    .000    .453    .000    .000    .185    .000    .000
    .000    .000    .000    .000    .275    .000    .000    .019    .000
    .000    .000    .000    .000    .000   1.389    .000    .000   -.595

  .20000      2.0000      .47101      2.3293    
  .43126E-07 -.22576E-05  .00000E+00  1536.9      1668.4      18233.    
  831.71      4478.4      2406.8      .85951E-07 -.15912E-14  .14863E-13
 -3908.5      7569.3     -324.03     -.30144E-06 -.10547E-13  .39746E-13
 -.22556      .24700     -.21446E-01  .11138E-10 -.20619E-18  .19260E-17
  .48100      1.8700      2.2687     -.15945E-09  .72777E-18 -.37167E-16
    .176   -.232    .056    .000    .000    .000    .000    .000    .000
   -.232   1.002   -.770    .000    .000    .000    .000    .000    .000
    .056   -.770    .714    .000    .000    .000    .000    .000    .000
    .000    .000    .000    .444    .000    .000    .183    .000    .000
    .000    .000    .000    .000    .269    .000    .000    .019    .000
    .000    .000    .000    .000    .000   1.396    .000    .000   -.616

  .20500      2.0500      .47228      2.3719    
  .33342E-07 -.22019E-05  .00000E+00  2083.3      2213.1      18524.    
  812.94      4517.8      2407.0      .73481E-07 -.25813E-14 -.18673E-13
 -3663.5      7969.3      120.35     -.23927E-05  .17278E-13  .23315E-14
 -.22827      .25053     -.22261E-01  .94963E-11 -.33359E-18 -.24132E-17
  .46259      1.8769      2.2768     -.24029E-09 -.58569E-18  .11238E-16
    .171   -.229    .058    .000    .000    .000    .000    .000    .000
   -.229   1.009   -.780    .000    .000    .000    .000    .000    .000
    .058   -.780    .721    .000    .000    .000    .000    .000    .000
    .000    .000    .000    .434    .000    .000    .181    .000    .000
    .000    .000    .000    .000    .263    .000    .000    .018    .000
    .000    .000    .000    .000    .000   1.402    .000    .000   -.637

  .21000      2.1000      .47387      2.4145    
  .37427E-07 -.21086E-05  .00000E+00  2613.3      2741.7      18820.    
  795.32      4559.2      2409.4      .67082E-07  .25587E-16  .36714E-13
 -3438.7      8364.7      557.41      .36390E-06  .19235E-13 -.15821E-14
 -.23090      .25390     -.23004E-01  .86403E-11  .32957E-20  .47288E-17
  .44476      1.8834      2.2837      .55693E-10  .72102E-18 -.51372E-17
    .166   -.226    .060    .000    .000    .000    .000    .000    .000
   -.226   1.015   -.789    .000    .000    .000    .000    .000    .000
    .060   -.789    .728    .000    .000    .000    .000    .000    .000
    .000    .000    .000    .425    .000    .000    .178    .000    .000
    .000    .000    .000    .000    .258    .000    .000    .017    .000
    .000    .000    .000    .000    .000   1.408    .000    .000   -.657

  .21500      2.1500      .47578      2.4571    
  .36722E-07 -.20380E-05  .00000E+00  3128.7      3256.0      19119.    
  778.77      4602.6      2413.9      .65074E-07 -.98142E-15 -.51115E-13
 -3232.3      8756.3      987.97      .22417E-05  .14714E-13 -.27423E-13
 -.23343      .25710     -.23672E-01  .83479E-11 -.12590E-18 -.65573E-17
  .42750      1.8896      2.2895     -.10142E-09  .43784E-18 -.81573E-17
    .161   -.223    .062    .000    .000    .000    .000    .000    .000
   -.223   1.021   -.798    .000    .000    .000    .000    .000    .000
    .062   -.798    .735    .000    .000    .000    .000    .000    .000
    .000    .000    .000    .416    .000    .000    .175    .000    .000
    .000    .000    .000    .000    .252    .000    .000    .016    .000
    .000    .000    .000    .000    .000   1.414    .000    .000   -.676

  .22000      2.2000      .47800      2.4996    
  .29006E-07 -.19717E-05  .00000E+00  3630.9      3757.4      19423.    
  763.20      4647.8      2420.5      .38479E-07  .22866E-14  .14523E-13
 -3043.0      9145.1      1412.8     -.95837E-05 -.76814E-14 -.82212E-13
 -.23588      .26014     -.24263E-01  .49134E-11  .29197E-18  .18544E-17
  .41081      1.8954      2.2942      .12308E-09 -.11859E-17 -.28890E-16
    .157   -.221    .064    .000    .000    .000    .000    .000    .000
   -.221   1.027   -.806    .000    .000    .000    .000    .000    .000
    .064   -.806    .743    .000    .000    .000    .000    .000    .000
    .000    .000    .000    .407    .000    .000    .172    .000    .000
    .000    .000    .000    .000    .247    .000    .000    .015    .000
    .000    .000    .000    .000    .000   1.420    .000    .000   -.695

  .22500      2.2500      .48051      2.5421    
  .25241E-07 -.18943E-05  .00000E+00  4121.5      4247.5      19732.    
  748.53      4695.0      2429.2      .16454E-07  .33675E-15 -.56226E-13
 -2869.2      9531.7      1832.5     -.31238E-05  .20227E-14 -.30531E-13
 -.23825      .26303     -.24775E-01  .20900E-11  .42775E-19 -.71419E-17
  .39469      1.9008      2.2979      .11999E-09 -.29372E-17 -.14000E-16
    .152   -.217    .065    .000    .000    .000    .000    .000    .000
   -.217   1.033   -.815    .000    .000    .000    .000    .000    .000
    .065   -.815    .750    .000    .000    .000    .000    .000    .000
    .000    .000    .000    .398    .000    .000    .169    .000    .000
    .000    .000    .000    .000    .242    .000    .000    .014    .000
    .000    .000    .000    .000    .000   1.426    .000    .000   -.713

  .23000      2.3000      .48332      2.5845    
  .82077E-08 -.18550E-05  .00000E+00  4601.9      4727.6      20047.    
  734.69      4744.1      2440.0      .67739E-08 -.14088E-14  .78448E-13
 -2709.6      9917.0      2247.7     -.12880E-05  .35520E-13  .16281E-12
 -.24056      .26576     -.25208E-01  .85542E-12 -.17791E-18  .99066E-17
  .37914      1.9060      2.3008     -.40754E-10  .87473E-18  .66683E-17
    .148   -.214    .066    .000    .000    .000    .000    .000    .000
   -.214   1.038   -.824    .000    .000    .000    .000    .000    .000
    .066   -.824    .757    .000    .000    .000    .000    .000    .000
    .000    .000    .000    .389    .000    .000    .165    .000    .000
    .000    .000    .000    .000    .236    .000    .000    .014    .000
    .000    .000    .000    .000    .000   1.432    .000    .000   -.731

  .23500      2.3500      .48642      2.6270    
  .44302E-08 -.17372E-05  .00000E+00  5073.2      5198.8      20367.    
  721.60      4795.1      2452.8     -.28338E-09 -.10950E-15 -.17059E-13
 -2562.9      10301.      2659.1     -.16363E-04  .21233E-14 -.41411E-13
 -.24279      .26835     -.25561E-01 -.35559E-13 -.13740E-19 -.21406E-17
  .36415      1.9108      2.3029      .17138E-09  .54766E-18  .41521E-16
    .144   -.211    .067    .000    .000    .000    .000    .000    .000
   -.211   1.043   -.832    .000    .000    .000    .000    .000    .000
    .067   -.832    .765    .000    .000    .000    .000    .000    .000
    .000    .000    .000    .380    .000    .000    .162    .000    .000
    .000    .000    .000    .000    .232    .000    .000    .013    .000
    .000    .000    .000    .000    .000   1.437    .000    .000   -.749

  .24000      2.4000      .48980      2.6693    
 -.28866E-08 -.16895E-05  .00000E+00  5536.7      5662.3      20694.    
  709.21      4848.0      2467.6      .18719E-07  .18215E-16 -.48510E-13
 -2427.8      10685.      3067.2      .13238E-05  .19176E-13 -.13023E-12
 -.24496      .27079     -.25835E-01  .23326E-11  .22698E-20 -.60450E-17
  .34971      1.9153      2.3043     -.12385E-10 -.66694E-18 -.50680E-16
    .139   -.208    .068    .000    .000    .000    .000    .000    .000
   -.208   1.048   -.840    .000    .000    .000    .000    .000    .000
    .068   -.840    .772    .000    .000    .000    .000    .000    .000
    .000    .000    .000    .372    .000    .000    .158    .000    .000
    .000    .000    .000    .000    .227    .000    .000    .012    .000
    .000    .000    .000    .000    .000   1.442    .000    .000   -.765

  .24500      2.4500      .49346      2.7116    
 -.43320E-08 -.15912E-05  .00000E+00  5993.4      6119.2      21027.    
  697.46      4902.8      2484.5      .98400E-08  .48117E-15  .82406E-13
 -2303.0      11069.      3472.4     -.33551E-05  .11036E-13 -.26812E-13
 -.24706      .27309     -.26028E-01  .12171E-11  .59515E-19  .10193E-16
  .33582      1.9196      2.3051      .32296E-09  .11315E-17 -.33102E-16
    .135   -.204    .069    .000    .000    .000    .000    .000    .000
   -.204   1.053   -.848    .000    .000    .000    .000    .000    .000
    .069   -.848    .779    .000    .000    .000    .000    .000    .000
    .000    .000    .000    .363    .000    .000    .154    .000    .000
    .000    .000    .000    .000    .222    .000    .000    .012    .000
    .000    .000    .000    .000    .000   1.448    .000    .000   -.781

  .25000      2.5000      .49739      2.7539    
  .16281E-08 -.15277E-05  .00000E+00  6444.1      6570.3      21366.    
  686.31      4959.5      2503.4     -.29317E-07 -.36903E-14  .36984E-14
 -2187.3      11453.      3875.3     -.69584E-05 -.86476E-14  .16354E-12
 -.24912      .27526     -.26143E-01 -.35976E-11 -.45284E-18  .45384E-18
  .32246      1.9235      2.3054     -.28139E-09  .42893E-18 -.38592E-16
    .131   -.201    .070    .000    .000    .000    .000    .000    .000
   -.201   1.057   -.856    .000    .000    .000    .000    .000    .000
    .070   -.856    .787    .000    .000    .000    .000    .000    .000
    .000    .000    .000    .354    .000    .000    .150    .000    .000
    .000    .000    .000    .000    .217    .000    .000    .011    .000
    .000    .000    .000    .000    .000   1.453    .000    .000   -.797

  .25500      2.5500      .50159      2.7961    
  .15958E-07 -.14942E-05  .00000E+00  6890.0      7016.5      21712.    
  675.72      5018.2      2524.2     -.17421E-07 -.14271E-14  .87798E-13
 -2079.3      11836.      4276.5     -.13616E-04 -.85331E-14 -.40445E-12
 -.25111      .27729     -.26179E-01 -.21198E-11 -.17366E-18  .10683E-16
  .30962      1.9272      2.3054      .60619E-10  .11566E-17 -.16850E-16
    .128   -.198    .070    .000    .000    .000    .000    .000    .000
   -.198   1.062   -.864    .000    .000    .000    .000    .000    .000
    .070   -.864    .794    .000    .000    .000    .000    .000    .000
    .000    .000    .000    .346    .000    .000    .146    .000    .000
    .000    .000    .000    .000    .213    .000    .000    .010    .000
    .000    .000    .000    .000    .000   1.458    .000    .000   -.812

  .26000      2.6000      .50607      2.8382    
  .33654E-08 -.14595E-05  .00000E+00  7331.6      7458.7      22065.    
  665.64      5078.7      2547.1     -.42387E-07 -.26404E-14 -.12129E-13
 -1977.9      12219.      4676.5     -.60696E-05 -.13201E-13 -.36171E-12
 -.25305      .27919     -.26138E-01 -.51121E-11 -.31844E-18 -.14629E-17
  .29729      1.9306      2.3051     -.86505E-10  .15153E-17  .69407E-16
    .124   -.194    .071    .000    .000    .000    .000    .000    .000
   -.194   1.066   -.872    .000    .000    .000    .000    .000    .000
    .071   -.872    .801    .000    .000    .000    .000    .000    .000
    .000    .000    .000    .337    .000    .000    .142    .000    .000
    .000    .000    .000    .000    .209    .000    .000    .010    .000
    .000    .000    .000    .000    .000   1.463    .000    .000   -.826

  .26500      2.6500      .51081      2.8803    
 -.27401E-08 -.13813E-05  .00000E+00  7769.8      7897.4      22425.    
  656.05      5141.1      2571.9     -.11342E-06  .36505E-15  .53443E-13
 -1881.6      12601.      5075.8     -.21701E-04 -.10728E-13  .35338E-12
 -.25494      .28097     -.26021E-01 -.13552E-10  .43619E-19  .63858E-17
  .28545      1.9337      2.3046     -.10704E-10 -.85719E-18 -.17312E-16
    .120   -.191    .071    .000    .000    .000    .000    .000    .000
   -.191   1.070   -.879    .000    .000    .000    .000    .000    .000
    .071   -.879    .809    .000    .000    .000    .000    .000    .000
    .000    .000    .000    .329    .000    .000    .138    .000    .000
    .000    .000    .000    .000    .204    .000    .000    .009    .000
    .000    .000    .000    .000    .000   1.468    .000    .000   -.840

  .27000      2.7000      .51582      2.9224    
 -.12467E-08 -.13039E-05  .00000E+00  8205.2      8333.2      22793.    
  646.93      5205.5      2598.8     -.14906E-06  .96093E-15 -.42605E-14
 -1789.2      12981.      5475.0     -.28601E-04  .17680E-13  .77272E-13
 -.25678      .28261     -.25830E-01 -.17637E-10  .11370E-18 -.50413E-18
  .27409      1.9366      2.3040     -.24339E-09 -.10807E-17  .37795E-16
    .117   -.188    .071    .000    .000    .000    .000    .000    .000
   -.188   1.074   -.887    .000    .000    .000    .000    .000    .000
    .071   -.887    .816    .000    .000    .000    .000    .000    .000
    .000    .000    .000    .320    .000    .000    .133    .000    .000
    .000    .000    .000    .000    .200    .000    .000    .008    .000
    .000    .000    .000    .000    .000   1.472    .000    .000   -.853

  .27500      2.7500      .52109      2.9643    
 -.40478E-08 -.12411E-05  .00000E+00  8638.2      8766.7      23167.    
  638.26      5271.7      2627.6     -.25220E-06 -.23696E-14  .44617E-14
 -1699.5      13358.      5874.7     -.13389E-04 -.16686E-13  .14300E-12
 -.25857      .28414     -.25565E-01 -.29541E-10 -.27755E-18  .52260E-18
  .26319      1.9393      2.3034      .14645E-10  .67534E-19 -.21248E-16
    .114   -.185    .071    .000    .000    .000    .000    .000    .000
   -.185   1.079   -.894    .000    .000    .000    .000    .000    .000
    .071   -.894    .823    .000    .000    .000    .000    .000    .000
    .000    .000    .000    .312    .000    .000    .129    .000    .000
    .000    .000    .000    .000    .196    .000    .000    .008    .000
    .000    .000    .000    .000    .000   1.477    .000    .000   -.865

  .28000      2.8000      .52663      3.0062    
  .10739E-07 -.12224E-05  .00000E+00  9069.2      9198.3      23549.    
  630.04      5339.8      2658.4     -.38906E-06 -.15877E-14  .59640E-13
 -1611.4      13732.      6275.8     -.12537E-04 -.10963E-14  .20484E-12
 -.26031      .28554     -.25228E-01 -.45091E-10 -.18401E-18  .69121E-17
  .25274      1.9418      2.3029      .83834E-10 -.11964E-17 -.23878E-16
    .111   -.182    .071    .000    .000    .000    .000    .000    .000
   -.182   1.083   -.901    .000    .000    .000    .000    .000    .000
    .071   -.901    .830    .000    .000    .000    .000    .000    .000
    .000    .000    .000    .303    .000    .000    .124    .000    .000
    .000    .000    .000    .000    .192    .000    .000    .007    .000
    .000    .000    .000    .000    .000   1.481    .000    .000   -.877

  .28500      2.8500      .53242      3.0481    
  .29899E-09 -.12191E-05  .00000E+00  9498.8      9628.4      23938.    
  622.24      5409.8      2691.2     -.54103E-06  .53657E-15 -.39684E-13
 -1523.8      14102.      6678.8     -.49160E-04  .93215E-14 -.25135E-12
 -.26200      .28682     -.24821E-01 -.62022E-10  .61511E-19 -.45492E-17
  .24273      1.9441      2.3025      .72869E-10  .13319E-17  .17182E-16
    .108   -.179    .071    .000    .000    .000    .000    .000    .000
   -.179   1.087   -.908    .000    .000    .000    .000    .000    .000
    .071   -.908    .838    .000    .000    .000    .000    .000    .000
    .000    .000    .000    .293    .000    .000    .120    .000    .000
    .000    .000    .000    .000    .188    .000    .000    .007    .000
    .000    .000    .000    .000    .000   1.486    .000    .000   -.888

  .29000      2.9000      .53848      3.0899    
  .14858E-07 -.11670E-05  .00000E+00  9927.2      10057.      24333.    
  614.89      5481.6      2726.1     -.79196E-06  .21234E-15 -.24591E-13
 -1435.9      14466.      7084.5     -.53090E-04  .69701E-14 -.13023E-12
 -.26364      .28798     -.24343E-01 -.89766E-10  .24068E-19 -.27873E-17
  .23313      1.9462      2.3023     -.93028E-10  .53556E-18 -.14210E-16
    .105   -.176    .071    .000    .000    .000    .000    .000    .000
   -.176   1.091   -.916    .000    .000    .000    .000    .000    .000
    .071   -.916    .845    .000    .000    .000    .000    .000    .000
    .000    .000    .000    .284    .000    .000    .115    .000    .000
    .000    .000    .000    .000    .185    .000    .000    .006    .000
    .000    .000    .000    .000    .000   1.490    .000    .000   -.899

  .29500      2.9500      .54480      3.1317    
  .31504E-07 -.10898E-05  .00000E+00  10355.      10485.      24736.    
  607.97      5555.1      2762.9     -.10759E-05  .28070E-15  .15564E-13
 -1347.1      14823.      7493.9     -.51724E-04 -.14903E-13 -.13978E-12
 -.26522      .28902     -.23797E-01 -.12054E-09  .31447E-19  .17436E-17
  .22393      1.9481      2.3024      .66194E-10 -.10203E-17 -.64494E-16
    .103   -.173    .071    .000    .000    .000    .000    .000    .000
   -.173   1.096   -.923    .000    .000    .000    .000    .000    .000
    .071   -.923    .852    .000    .000    .000    .000    .000    .000
    .000    .000    .000    .275    .000    .000    .110    .000    .000
    .000    .000    .000    .000    .181    .000    .000    .006    .000
    .000    .000    .000    .000    .000   1.494    .000    .000   -.909

  .30000      3.0000      .55138      3.1734    
  .30916E-07 -.10054E-05  .00000E+00  10781.      10911.      25145.    
  601.50      5630.5      2801.9     -.13950E-05  .81115E-15 -.13968E-13
 -1257.0      15172.      7907.7     -.58621E-04 -.64376E-14  .12368E-12
 -.26675      .28993     -.23181E-01 -.15442E-09  .89789E-19 -.15462E-17
  .21512      1.9499      2.3028     -.22536E-09  .32899E-18 -.23900E-16
    .101   -.171    .070    .000    .000    .000    .000    .000    .000
   -.171   1.100   -.930    .000    .000    .000    .000    .000    .000
    .070   -.930    .859    .000    .000    .000    .000    .000    .000
    .000    .000    .000    .265    .000    .000    .105    .000    .000
    .000    .000    .000    .000    .178    .000    .000    .006    .000
    .000    .000    .000    .000    .000   1.497    .000    .000   -.918
